       snid   sim_redshift_host   hostgal_specz   hostgal_photoz   sim_dlmu   calc_mu   deltamu  
       2193              1.2154          1.2154           1.0442    45.5862   44.6244   -0.9618  
       4979              0.9158          0.9158           0.8820    38.5056   43.8644    5.3588  
       5205              0.6471          0.6471           0.6942    45.8660   42.9387   -2.9273  
      12119              0.3026          0.3026           0.2956    47.2304   40.9770   -6.2534  
      14339              0.0360          0.0288           0.0490    35.5005   35.9991    0.4986  
      23248              0.9571          0.9571           1.2693    47.1325   43.9827   -3.1498  
      23615              0.8746          0.8746           0.8466    45.5422   43.7410   -1.8012  
      23879              0.5327          0.5327           0.5530    44.7778   42.4266   -2.3512  
      24138              0.0228          0.0338           0.0371    35.7158   34.9860   -0.7298  
      25867              0.4363          0.4363           0.4565    45.7974   41.9078   -3.8896  
      26580              0.4315          0.4315           0.4320    46.8248   41.8793   -4.9455  
      26598              0.7828          0.7828           0.7570    46.9528   43.4444   -3.5084  
      27508              0.9904          0.9904           0.9967    40.2234   44.0744    3.8510  
      28289              0.5106          0.5106           0.4220    44.5010   42.3158   -2.1852  
      33186              0.1980          0.1980           0.2011    46.7280   39.9324   -6.7956  
      33920              0.0230          0.0336           0.0344    35.7611   35.0053   -0.7558  
      45161              0.2597          0.2597           0.4331    47.2040   40.5966   -6.6074  
      49829              0.0823          0.0947           0.1091    38.1972   37.8661   -0.3311  
      50521              0.5679          0.5679           0.4149    44.6292   42.5945   -2.0347  
      58138              0.0776          0.0650           0.1027    37.3167   37.7314    0.4147  
      65268              1.2817          1.2817           1.4055    47.1258   44.7669   -2.3589  
      66821              0.5586          0.5586           0.5120    38.4788   42.5511    4.0723  
      69271              0.5910          0.5910           0.5880    46.3059   42.6991   -3.6068  
      70123              2.4909          2.4909           2.5385    43.8251   46.5381    2.7130  
      70546              0.8440          0.8440           0.8058    47.0908   43.6456   -3.4452  
      71073              0.3097          0.3097           0.5252    47.3857   41.0351   -6.3506  
      75221              0.0500          0.0629           0.0667    37.2299   36.7346   -0.4953  
      75638              0.3466          0.3466           0.3255    46.3301   41.3193   -5.0108  
      75822              0.6855          0.6855           0.7441    46.6966   43.0912   -3.6054  
      82560              0.2503          0.2503           0.3223    44.5584   40.5050   -4.0534  
      85098              0.9039          0.9039           0.9534    41.6522   43.8292    2.1770  
      88484              0.3412          0.3412           0.3782    47.1564   41.2797   -5.8767  
      90694              0.0235          0.0322           0.0365    36.0107   35.0528   -0.9579  
      91672              1.4694          1.4694           1.3935    46.0245   45.1337   -0.8908  
      92155              0.6609          0.6609           0.6350    44.9054   42.9946   -1.9108  
      92678              0.5354          0.5354           0.5410    45.0531   42.4399   -2.6132  
      93350              0.0442          0.0562           0.0859    36.9950   36.4577   -0.5373  
      95302              0.5037          0.5037           0.5611    47.3261   42.2801   -5.0460  
      96332              0.6294          0.6294           0.6667    47.3966   42.8651   -4.5315  
      97567              0.6336          0.6336           0.6310    47.4109   42.8827   -4.5282  
     103095              0.2508          0.2508           0.2915    44.8995   40.5097   -4.3898  
     103129              0.6822          0.6822           0.6119    44.4228   43.0784   -1.3444  
     103568              1.0318          1.0318           1.0239    46.6785   44.1842   -2.4943  
     107206              1.0991          1.0991           1.0694    45.6419   44.3540   -1.2879  
     112297              0.0352          0.0265           0.0702    35.4405   35.9491    0.5086  
     112909              0.0511          0.0617           0.0895    37.2231   36.7836   -0.4395  
     116564              0.1717          0.1717           0.1725    46.9348   39.5881   -7.3467  
     124040              2.1319          2.1319           1.2632    44.1206   46.1268    2.0062  
     131791              0.8391          0.8391           0.8779    46.1857   43.6302   -2.5555  
     134012              0.9022          0.9022           0.8444    43.0502   43.8242    0.7740  
     137498              2.6121          2.6121           2.2775    39.7315   46.6632    6.9317  
     139813              0.3056          0.3056           0.1316    47.1019   41.0019   -6.1000  
     154364              1.6232          1.6232           1.7932    47.3959   45.4004   -1.9955  
     155911              0.0715          0.0824           0.0935    37.8950   37.5444   -0.3506  
     156197              0.9611          0.9611           0.9807    46.5551   43.9937   -2.5614  
     159958              1.6866          1.6866           1.6594    42.6258   45.5029    2.8771  
     161950              0.5865          0.5865           0.5639    46.5725   42.6790   -3.8935  
     162292              0.3305          0.3305           0.3543    46.1768   41.1986   -4.9782  
     163538              0.5106          0.5106           0.5348    47.1159   42.3157   -4.8002  
     163978              0.6286          0.6286           0.6196    45.9656   42.8618   -3.1038  
     164468              0.6550          0.6550           0.7144    44.7858   42.9705   -1.8153  
     170862              0.5618          0.5618           0.4723    43.7575   42.5658   -1.1917  
     172337              0.8095          0.8095           0.9765    42.5277   43.5340    1.0063  
     172399              1.0449          1.0449           1.1116    45.4963   44.2181   -1.2782  
     176764              0.8889          0.8889           0.8798    47.2612   43.7844   -3.4768  
     184596              0.0838          0.0980           0.1821    38.2399   37.9076   -0.3323  
     189689              0.3660          0.3660           0.3595    45.0139   41.4574   -3.5565  
     190572              0.5683          0.5683           0.5370    46.3214   42.5960   -3.7254  
     191672              1.5896          1.5896           1.8665    46.7711   45.3444   -1.4267  
     195337              0.7745          0.7745           0.7515    44.0792   43.4162   -0.6630  
     197046              0.1971          0.1971           0.1874    46.7973   39.9214   -6.8759  
     209335              0.0654          0.0767           2.1069    37.7145   37.3415   -0.3730  
     210831              1.2114          1.2114           1.2038    47.0635   44.6155   -2.4480  
     212763              0.8701          0.8701           0.8804    46.9930   43.7272   -3.2658  
     216196              0.6861          0.6861           0.7001    47.3663   43.0936   -4.2727  
     222345              0.3000          0.3000           0.2928    45.6204   40.9552   -4.6652  
     224419              1.0856          1.0856           1.0878    45.9381   44.3207   -1.6174  
     224610              0.6281          0.6281           0.6312    46.7236   42.8597   -3.8639  
     224927              0.6856          0.6856           0.6676    46.1906   43.0919   -3.0987  
     228322              1.6624          1.6624           1.8115    44.1365   45.4643    1.3278  
     236491              0.3027          0.3027           0.3011    46.1868   40.9777   -5.2091  
     239483              0.8162          0.8162           0.8048    44.5071   43.5561   -0.9510  
     241567              0.3091          0.3091           0.3559    47.2515   41.0304   -6.2211  
     243972              0.9356          0.9356           0.9268    45.5955   43.9216   -1.6739  
     247157              0.8653          0.8653           0.8970    44.6335   43.7122   -0.9213  
     247664              1.9787          1.9787           1.9339    47.2678   45.9287   -1.3391  
     254640              0.7525          0.7525           0.7634    45.0125   43.3392   -1.6733  
     262183              0.0801          0.0702           0.0683    37.4479   37.8040    0.3561  
     264104              1.6956          1.6956           1.5859    46.8731   45.5171   -1.3560  
     266183              0.6489          0.6489           0.6681    43.8781   42.9458   -0.9323  
     266795              0.9796          0.9796           1.3938    46.7805   44.0449   -2.7356  
     277802              0.6165          0.6165           0.6564    41.0674   42.8107    1.7433  
     278162              1.0432          1.0432           0.9751    47.3660   44.2138   -3.1522  
     278692              0.2899          0.2899           0.2810    45.6197   40.8697   -4.7500  
     286107              0.8424          0.8424           0.7951    42.5045   43.6407    1.1362  
     286927              1.3641          1.3641           1.5619    46.8255   44.9343   -1.8912  
     290577              0.3355          0.3355           0.4521    42.7087   41.2368   -1.4719  
     295210              1.1020          1.1020           1.0374    43.4696   44.3612    0.8916  
     303061              0.0559          0.0665           0.0630    37.3307   36.9860   -0.3447  
     304044              1.6905          1.6905           0.9307    46.6759   45.5091   -1.1668  
     304328              1.3182          1.3182           1.0697    44.0473   44.8425    0.7952  
     309099              0.0803          0.0967           0.0686    38.1440   37.8097   -0.3343  
     316024              0.0840          0.0961           0.1593    38.2783   37.9130   -0.3653  
     316187              0.4941          0.4941           0.4717    47.1212   42.2304   -4.8908  
     317167              1.9654          1.9654           1.9930    47.1907   45.9108   -1.2799  
     320092              0.6755          0.6755           0.6895    43.8831   43.0524   -0.8307  
     321264              0.3483          0.3483           0.3805    43.5360   41.3314   -2.2046  
     328610              0.3099          0.3099           0.2809    45.4730   41.0373   -4.4357  
     329022              0.0555          0.0453           0.0445    36.4626   36.9698    0.5072  
     335210              1.0165          1.0165           1.2941    41.9532   44.1440    2.1908  
     335422              0.0870          0.0997           0.0941    38.3245   37.9937   -0.3308  
     335808              1.4342          1.4342           1.3890    46.4317   45.0687   -1.3630  
     336048              0.0976          0.1140           0.0955    38.6589   38.2590   -0.3999  
     338622              0.9430          0.9430           0.9171    45.6854   43.9428   -1.7426  
    1292865              0.0556          0.0678           0.0938    37.3815   36.9738   -0.4077  
    1734667              0.0899          0.1036           0.0830    38.4430   38.0692   -0.3738  
    2735783              0.0396          0.0480           0.0854    36.7066   36.2118   -0.4948  
    3273316              2.3538          2.3538           2.2501    42.0512   46.3888    4.3376  
    3481972              0.5435          0.5435           0.5373    44.2485   42.4791   -1.7694  
    3632375              0.6525          0.6525           0.6677    43.8461   42.9604   -0.8857  
    4131199              0.4668          0.4668           0.5148    45.7878   42.0828   -3.7050  
    4293180              0.0785          0.0663           0.0922    37.3891   37.7578    0.3687  
    4353408              0.2525          0.2525           0.2525    41.5316   40.5268   -1.0048  
    4635785              0.3002          0.3002           0.2510    45.8390   40.9569   -4.8821  
    4979518              0.4091          0.4091           0.4578    46.9538   41.7423   -5.2115  
    5322344              0.7381          0.7381           0.7698    46.7529   43.2878   -3.4651  
    5393200              1.0661          1.0661           1.0366    39.5480   44.2722    4.7242  
    6271895              0.0573          0.0505           0.0705    36.5791   37.0419    0.4628  
    6376164              0.0299          0.0399           0.1057    36.3142   35.5862   -0.7280  
    6791630              0.0480          0.0432           0.0477    36.3269   36.6428    0.3159  
    6990807              0.2838          0.2838           0.2693    41.8392   40.8171   -1.0221  
    7268372              0.0430          0.0332           2.3790    35.9775   36.3961    0.4186  
    7302269              0.0637          0.0548           0.0135    36.8555   37.2817    0.4262  
    7401812              0.0733          0.0643           0.0659    37.2519   37.6011    0.3492  
    7467899              0.0429          0.0382           0.0759    35.9714   36.3909    0.4195  
    8340659              0.8493          0.8493           0.8673    40.1551   43.6624    3.5073  
    9200952              0.6222          0.6222           0.6287    46.9279   42.8349   -4.0930  
    9377600              2.6195          2.6195           2.2715    45.3525   46.6706    1.3181  
    9852124              0.6239          0.6239           0.8078    44.8118   42.8419   -1.9699  
    9988709              0.6119          0.6119           0.6027    46.7535   42.7906   -3.9629  
   10136842              0.4825          0.4825           0.5080    44.7051   42.1685   -2.5366  
   10459855              0.6730          0.6730           0.6643    42.2163   43.0425    0.8262  
   10562626              0.3100          0.3100           0.3171    45.9508   41.0374   -4.9134  
   10680933              0.9012          0.9012           0.9271    46.5445   43.8211   -2.7234  
   10804689              0.0708          0.0615           0.0686    37.1647   37.5220    0.3573  
   11267248              0.0778          0.0908           0.0835    38.1106   37.7373   -0.3733  
   11473266              0.3873          0.3873           0.3479    46.2247   41.6018   -4.6229  
   11509423              0.7703          0.7703           0.7905    46.8392   43.4017   -3.4375  
   11580029              0.0197          0.0101           0.0094    33.4651   34.6636    1.1985  
   12431527              0.6837          0.6837           0.6284    46.7131   43.0845   -3.6286  
   14104284              0.0627          0.0553           0.0724    36.8866   37.2458    0.3592  
   14350770              0.6672          0.6672           0.9061    42.4874   43.0196    0.5322  
   14871358              0.0297          0.0356           0.1372    35.9581   35.5713   -0.3868  
   14914216              0.8271          0.8271           0.8036    42.0193   43.5916    1.5723  
   16102486              0.5173          0.5173           0.1228    42.9694   42.3499   -0.6195  
   16119983              0.0765          0.0670           0.5460    37.3559   37.6987    0.3428  
   16136847              0.2692          0.2692           0.2793    41.1104   40.6857   -0.4247  
   16267910              0.0707          0.0823           0.1209    37.8827   37.5187   -0.3640  
   16313311              0.0469          0.0369           0.0458    36.0736   36.5907    0.5171  
   16369944              2.8654          2.8654           2.7823    43.2464   46.9061    3.6597  
   16828669              1.2333          1.2333           1.1505    45.8151   44.6636   -1.1515  
   17102084              1.2837          1.2837           1.3088    47.4047   44.7712   -2.6335  
   17175409              0.0483          0.0409           0.0468    36.3164   36.6568    0.3404  
   17557666              0.0842          0.0991           0.0821    38.2665   37.9185   -0.3480  
   17589513              0.0215          0.0148           0.0294    34.1973   34.8564    0.6591  
   17625635              0.0206          0.0325           0.0348    35.8744   34.7621   -1.1123  
   17914352              1.0982          1.0982           1.1098    47.0880   44.3518   -2.7362  
   18158243              0.0910          0.1049           0.0918    38.4344   38.0972   -0.3372  
   18185276              0.0697          0.0862           2.3136    37.8371   37.4863   -0.3508  
   18732923              0.4907          0.4907           0.4717    44.7156   42.2123   -2.5033  
   18789239              0.3115          0.3115           0.3021    43.7445   41.0499   -2.6946  
   19385328              0.1131          0.1283           2.5396    38.9586   38.6014   -0.3572  
   19452828              1.0519          1.0519           0.9646    45.5559   44.2362   -1.3197  
   19492744              0.0574          0.0498           0.0711    36.7194   37.0458    0.3264  
   19625632              0.7356          0.7356           0.7710    46.3686   43.2788   -3.0898  
   20625548              0.5235          0.5235           0.5193    46.7718   42.3808   -4.3910  
   20866007              0.0689          0.0571           0.0121    37.0948   37.4600    0.3652  
   21510764              1.0700          1.0700           1.0644    46.7445   44.2820   -2.4625  
   21629339              1.4470          1.4470           1.3292    46.3346   45.0926   -1.2420  
   21752788              1.0230          1.0230           1.0215    47.0706   44.1613   -2.9093  
   22134248              0.9736          0.9736           0.9062    40.9656   44.0284    3.0628  
   22202016              0.0433          0.0347           0.0716    35.9003   36.4116    0.5113  
   22775267              1.2690          1.2690           1.4152    41.5642   44.7402    3.1760  
   23419930              0.6346          0.6346           0.6355    46.2867   42.8870   -3.3997  
   24059546              0.6574          0.6574           0.6477    47.0821   42.9804   -4.1017  
   24800680              0.1488          0.1488           2.1455    42.7329   39.2462   -3.4867  
   24974177              0.1781          0.1781           0.1764    47.2887   39.6757   -7.6130  
   25317786              1.9418          1.9418           1.2962    47.0646   45.8787   -1.1859  
   25323849              0.3116          0.3116           0.3225    44.4560   41.0503   -3.4057  
   25422850              0.0767          0.0899           0.1281    38.0758   37.7047   -0.3711  
   25606903              0.0437          0.0560           0.0637    36.9975   36.4322   -0.5653  
   25747060              2.6461          2.6461           2.7803    44.3187   46.6972    2.3785  
   25857484              0.1058          0.1206           0.1126    38.7987   38.4460   -0.3527  
   25988518              0.4452          0.4452           0.3335    47.2564   41.9599   -5.2965  
   26139872              0.0230          0.0172           0.0262    34.3500   35.0053    0.6553  
   26225832              1.5224          1.5224           1.5624    43.4037   45.2287    1.8250  
   26331957              0.4413          0.4413           0.4249    40.0223   41.9375    1.9152  
   26424187              0.0949          0.1106           0.0934    38.5357   38.1941   -0.3416  
   26768012              0.5254          0.5254           0.5145    45.3238   42.3905   -2.9333  
   26815551              0.4948          0.4948           0.4513    46.8850   42.2341   -4.6509  
   27608493              0.5588          0.5588           0.5860    43.2303   42.5520   -0.6783  
   27898964              0.0823          0.0708           0.0808    37.4612   37.8661    0.4049  
   28021696              0.0905          0.1031           0.0779    38.4381   38.0845   -0.3536  
   29813862              0.0383          0.0294           0.0391    35.5529   36.1373    0.5844  
   29920623              0.4439          0.4439           0.4599    42.9075   41.9525   -0.9550  
   30030322              0.5944          0.5944           0.5700    40.5518   42.7143    2.1625  
   30834678              0.0776          0.0649           0.0842    37.3368   37.7314    0.3946  
   30906841              0.7509          0.7509           0.7515    46.5943   43.3336   -3.2607  
   31542240              0.5721          0.5721           0.5962    43.9609   42.6138   -1.3471  
   31575518              0.0780          0.0885           0.0609    38.1092   37.7431   -0.3661  
   31884395              0.4439          0.4439           0.4486    46.9543   41.9525   -5.0018  
   32056303              1.6637          1.6637           1.6284    46.4048   45.4664   -0.9384  
   32075515              0.0533          0.0424           0.0099    36.2531   36.8785    0.6254  
   32122937              3.2920          3.2920           2.8659    43.8032   47.2683    3.4651  
   32168320              1.3538          1.3538           1.3649    47.1661   44.9140   -2.2521  
   32711282              0.0771          0.0665           0.0610    37.3364   37.7166    0.3802  
   32765553              0.5552          0.5552           0.5701    40.6920   42.5350    1.8430  
   34109598              0.2317          0.2317           0.2167    47.3496   40.3150   -7.0346  
   35147619              0.3036          0.3036           0.3168    45.6886   40.9856   -4.7030  
   35357583              0.0543          0.0482           0.1600    36.6037   36.9204    0.3167  
   35426296              0.8692          0.8692           0.8414    40.2969   43.7245    3.4276  
   35442923              0.4835          0.4835           0.4389    45.9213   42.1739   -3.7474  
   36750358              1.2384          1.2384           1.1559    45.6916   44.6747   -1.0169  
   36907247              0.7817          0.7817           0.8495    46.1289   43.4407   -2.6882  
   37525385              1.6104          1.6104           1.5883    42.6319   45.3793    2.7474  
   39172179              0.0423          0.0339           0.0477    35.9538   36.3593    0.4055  
   39206853              0.0802          0.0922           0.0894    38.1339   37.8068   -0.3271  
   39263321              0.0549          0.0685           0.0863    37.4065   36.9452   -0.4613  
   39788952              1.9628          1.9628           1.8622    47.1909   45.9073   -1.2836  
   39900248              0.1018          0.1149           2.3752    38.6883   38.3566   -0.3317  
   40221760              0.6699          0.6699           0.6655    39.2578   43.0304    3.7726  
   40827703              0.9307          0.9307           0.8550    45.6704   43.9075   -1.7629  
   40874638              2.1018          2.1018           1.2997    44.5519   46.0891    1.5372  
   41698047              0.2406          0.2406           2.6267    47.3246   40.4082   -6.9164  
   41750145              0.4410          0.4410           0.4554    46.1854   41.9354   -4.2500  
   42807263              0.0288          0.0364           0.0621    36.0824   35.5030   -0.5794  
   43390869              0.2462          0.2462           0.2251    45.7982   40.4640   -5.3342  
   43472347              0.0432          0.0537           0.0658    36.8700   36.4065   -0.4635  
   43646264              2.1913          2.1913           1.8328    44.8691   46.1997    1.3306  
   44037453              1.5218          1.5218           1.5201    40.9133   45.2277    4.3144  
   44270475              0.4082          0.4082           0.4917    39.2328   41.7365    2.5037  
   44362490              0.8684          0.8684           0.8884    41.9197   43.7219    1.8022  
   44480864              0.0215          0.0272           0.0402    35.2824   34.8564   -0.4260  
   44546284              2.4891          2.4891           0.1342    44.5796   46.5363    1.9567  
   44585231              0.5578          0.5578           0.6164    44.8323   42.5471   -2.2852  
   44968745              0.0559          0.0448           0.0211    36.4843   36.9860    0.5017  
   45542528              0.7322          0.7322           0.7301    46.7674   43.2665   -3.5009  
   45544281              2.4236          2.4236           2.4281    39.8362   46.4659    6.6297  
   45857143              1.2355          1.2355           1.3120    45.4368   44.6684   -0.7684  
   46240096              0.1777          0.1777           0.1891    45.3781   39.6709   -5.7072  
   46556836              0.0542          0.0617           0.0633    37.3020   36.9163   -0.3857  
   47007728              1.7517          1.7517           1.8469    46.4592   45.6040   -0.8552  
   47329286              0.8114          0.8114           0.9396    47.2660   43.5405   -3.7255  
   47582790              0.0254          0.0312           0.0819    35.6019   35.2247   -0.3772  
   47751300              0.3161          0.3161           0.3502    46.8005   41.0869   -5.7136  
   48221627              0.5801          0.5801           0.5666    46.4476   42.6500   -3.7976  
   48235559              0.2769          0.2769           0.3074    45.9970   40.7552   -5.2418  
   48326118              0.2433          0.2433           0.2290    45.7227   40.4354   -5.2873  
   48465150              1.1305          1.1305           1.1742    47.1074   44.4298   -2.6776  
   49154056              2.1462          2.1462           2.2518    47.3672   46.1445   -1.2227  
   49372512              0.9122          0.9122           0.7830    46.2351   43.8538   -2.3813  
   49413736              0.0240          0.0306           0.0291    35.8126   35.0994   -0.7132  
   49698083              0.7838          0.7838           0.7061    44.0393   43.4480   -0.5913  
   49784004              0.0547          0.0642           0.0625    37.2639   36.9370   -0.3269  
   50243528              0.8211          0.8211           0.8343    45.9756   43.5723   -2.4033  
   51346417              0.8629          0.8629           0.8223    47.4002   43.7050   -3.6952  
   51444715              2.4568          2.4568           2.4497    43.7553   46.5018    2.7465  
   51642623              0.4121          0.4121           0.4948    46.4979   41.7610   -4.7369  
   51687429              0.0852          0.0997           0.1116    38.3359   37.9456   -0.3903  
   52053012              0.0776          0.0637           0.0569    37.2900   37.7314    0.4414  
   52213813              0.0231          0.0339           0.1295    35.8896   35.0149   -0.8747  
   52247193              0.0517          0.0417           0.0723    36.3660   36.8098    0.4438  
   52656904              0.5385          0.5385           0.5639    43.5867   42.4550   -1.1317  
   53030964              0.0775          0.0664           0.0668    37.3551   37.7284    0.3733  
   53732114              0.3448          0.3448           0.3522    42.9825   41.3057   -1.6768  
   54014894              0.0481          0.0614           0.0693    37.0390   36.6475   -0.3915  
   54427122              0.7138          0.7138           0.5856    46.1442   43.1986   -2.9456  
   54597794              0.9771          0.9771           0.9689    39.4489   44.0381    4.5892  
   54913476              1.5229          1.5229           1.6184    43.2822   45.2296    1.9474  
   54944653              0.8858          0.8858           0.8881    47.1693   43.7752   -3.3941  
   55403648              0.7552          0.7552           0.8563    45.7064   43.3490   -2.3574  
   55407416              1.6569          1.6569           1.5462    43.0114   45.4555    2.4441  
   55761382              0.0148          0.0120           0.0508    33.5926   34.0346    0.4420  
   55870206              1.1784          1.1784           1.1811    39.9650   44.5412    4.5762  
   56069298              0.0713          0.0612           0.0572    37.1407   37.5380    0.3973  
   56501835              0.2634          0.2634           0.5420    44.0401   40.6315   -3.4086  
   57199321              1.6503          1.6503           1.5953    46.8592   45.4447   -1.4145  
   57260990              0.3067          0.3067           0.3130    46.7461   41.0106   -5.7355  
   58111304              0.0545          0.0616           0.1352    37.3507   36.9287   -0.4220  
   58269716              0.3272          0.3272           0.3180    45.7401   41.1739   -4.5662  
   58857517              0.3587          0.3587           0.3337    47.1564   41.4065   -5.7499  
   59054296              0.0959          0.1117           0.1316    38.5701   38.2183   -0.3518  
   59121418              0.6255          0.6255           0.6451    46.9859   42.8488   -4.1371  
   59580083              0.6847          0.6847           0.6349    42.3611   43.0882    0.7271  
   59778840              0.0559          0.0486           0.0676    36.5730   36.9860    0.4130  
   59812695              2.1729          2.1729           2.1170    44.2790   46.1773    1.8983  
   60697565              0.0399          0.0332           0.0745    35.8360   36.2287    0.3927  
   61138882              0.7491          0.7491           0.7540    45.9113   43.3273   -2.5840  
   61305839              0.0237          0.0308           0.0346    35.4945   35.0716   -0.4229  
   61743582              1.0723          1.0723           1.2450    45.6949   44.2877   -1.4072  
   62610350              0.3068          0.3068           0.3117    44.5630   41.0114   -3.5516  
   63852182              1.8586          1.8586           1.6882    47.1823   45.7620   -1.4203  
   63995260              0.5073          0.5073           0.5106    37.4877   42.2991    4.8114  
   64352072              1.0167          1.0167           0.9738    47.1659   44.1447   -3.0212  
   64410711              0.0486          0.0377           0.0706    36.0203   36.6707    0.6504  
   64614302              0.6311          0.6311           0.6392    44.4071   42.8723   -1.5348  
   64746104              0.3087          0.3087           0.3172    45.4913   41.0272   -4.4641  
   64803730              0.0228          0.0246           0.0287    35.3307   34.9860   -0.3447  
   65061490              0.3018          0.3018           0.2764    45.5413   40.9704   -4.5709  
   65562870              0.2577          0.2577           0.3215    47.2174   40.5775   -6.6399  
   65925793              0.9640          0.9640           0.9777    47.0565   44.0020   -3.0545  
   66052259              0.1298          0.1298           0.1526    47.2861   38.9238   -8.3623  
   66147107              0.0574          0.0458           0.0463    36.5375   37.0458    0.5083  
   66189311              0.4940          0.4940           0.4786    46.6318   42.2295   -4.4023  
   66331631              1.6142          1.6142           1.3961    42.8031   45.3855    2.5824  
   66529028              0.4433          0.4433           0.3528    46.7079   41.9491   -4.7588  
   66599765              0.5840          0.5840           0.5806    46.1337   42.6678   -3.4659  
   66742262              0.0559          0.0473           0.0605    36.6345   36.9860    0.3515  
   66837191              2.4757          2.4757           2.4511    36.8482   46.5220    9.6738  
   66931173              0.4925          0.4925           0.4779    46.9880   42.2219   -4.7661  
   67064791              0.2452          0.2452           0.2751    47.3433   40.4543   -6.8890  
   67450567              0.6475          0.6475           0.5973    47.2650   42.9401   -4.3249  
   67547026              0.5579          0.5579           0.5475    45.9473   42.5478   -3.3995  
   67825551              0.0193          0.0225           0.0240    35.0000   34.6184   -0.3816  
   68098857              0.0150          0.0178           0.0494    34.4762   34.0640   -0.4122  
   68165156              0.6340          0.6340           0.6450    46.2132   42.8846   -3.3286  
   68252425              0.2154          0.2154           0.1953    42.5111   40.1364   -2.3747  
   68330129              2.2137          2.2137           1.4356    47.3996   46.2265   -1.1731  
   68397084              0.0956          0.0847           0.0990    37.8791   38.2111    0.3320  
   68442149              2.3103          2.3103           2.3437    44.7469   46.3395    1.5926  
   68875401              1.5846          1.5846           1.4810    41.3270   45.3361    4.0091  
   68985207              0.6125          0.6125           0.6100    46.2378   42.7935   -3.4443  
   69012979              0.5432          0.5432           0.2911    46.5066   42.4775   -4.0291  
   69293158              0.0982          0.1116           0.0711    38.6310   38.2731   -0.3579  
   69363519              0.8536          0.8536           0.8321    40.5475   43.6759    3.1284  
   69457651              0.4946          0.4946           0.4032    45.8616   42.2329   -3.6287  
   69876004              0.0529          0.0423           0.0665    36.4053   36.8615    0.4562  
   70220888              0.5787          0.5787           0.5776    45.4945   42.6441   -2.8504  
   70936461              0.0799          0.0923           0.0913    38.1261   37.7982   -0.3279  
   71166032              0.1262          0.1262           0.1261    46.3382   38.8588   -7.4794  
   71188203              0.2656          0.2656           0.5663    41.7110   40.6522   -1.0588  
   72111038              0.2462          0.2462           0.2616    41.7475   40.4644   -1.2831  
   72133594              0.0808          0.0687           0.0428    37.4244   37.8239    0.3995  
   72136778              0.4345          0.4345           0.3899    40.5541   41.8972    1.3431  
   72359687              1.3076          1.3076           1.1827    47.3874   44.8208   -2.5666  
   73094024              1.7510          1.7510           1.5939    46.4335   45.6031   -0.8304  
   73893904              0.7105          0.7105           0.7721    45.8335   43.1865   -2.6470  
   74414346              0.4926          0.4926           0.4785    47.4028   42.2223   -5.1805  
   74708511              0.7954          0.7954           0.8117    42.8824   43.4872    0.6048  
   75586851              0.6138          0.6138           0.6471    47.0115   42.7988   -4.2127  
   76026828              0.0766          0.0654           0.0818    37.2492   37.7017    0.4525  
   76544060              1.2817          1.2817           1.3108    43.3179   44.7671    1.4492  
   76625128              0.7978          0.7978           0.8585    45.3803   43.4954   -1.8849  
   77187767              1.3054          1.3054           1.2717    46.5622   44.8162   -1.7460  
   77854126              1.0118          1.0118           1.0540    45.8784   44.1317   -1.7467  
   78403178              0.0182          0.0269           0.0627    35.1216   34.4892   -0.6324  
   78640339              2.1290          2.1290           2.6507    40.3914   46.1232    5.7318  
   79101009              1.5733          1.5733           1.4101    43.7801   45.3169    1.5368  
   80029207              0.7545          0.7545           0.7629    45.5113   43.3464   -2.1649  
   80077139              0.3362          0.3362           0.3699    45.4026   41.2423   -4.1603  
   80116654              0.1507          0.1507           0.1587    46.2972   39.2774   -7.0198  
   80267000              0.0246          0.0296           0.0632    35.7924   35.1539   -0.6385  
   80360504              0.0535          0.0437           0.0940    36.4194   36.8870    0.4676  
   80461318              1.5218          1.5218           1.4677    43.5850   45.2278    1.6428  
   80482573              0.3074          0.3074           0.3038    47.1177   41.0166   -6.1011  
   80617534              0.4808          0.4808           0.5016    44.8311   42.1594   -2.6717  
   80732977              0.6824          0.6824           0.7186    44.7593   43.0794   -1.6799  
   80960117              0.9337          0.9337           0.9349    45.0947   43.9161   -1.1786  
   81200938              0.0684          0.0793           2.3791    37.8210   37.4434   -0.3776  
   81201868              0.6062          0.6062           0.6270    44.0490   42.7662   -1.2828  
   81391106              1.4106          1.4106           1.3089    47.2348   45.0242   -2.2106  
   81457913              0.0550          0.0470           0.0778    36.5265   36.9493    0.4228  
   81626003              0.4938          0.4938           0.4940    46.2536   42.2287   -4.0249  
   82008283              0.8733          0.8733           0.8806    46.3721   43.7369   -2.6352  
   82622884              0.0774          0.0653           0.6055    37.2994   37.7255    0.4261  
   82776733              1.9839          1.9839           1.4872    41.6009   45.9357    4.3348  
   83078329              0.0541          0.0439           0.1635    36.4789   36.9121    0.4332  
   83678080              0.3350          0.3350           0.3606    47.1712   41.2334   -5.9378  
   86354508              0.0786          0.0925           0.1013    38.1271   37.7607   -0.3664  
   86607139              0.0785          0.0911           0.0924    38.1532   37.7578   -0.3954  
   86771390              0.4945          0.4945           0.4542    45.7820   42.2325   -3.5495  
   86895432              0.0773          0.0885           0.1438    38.0505   37.7225   -0.3280  
   87010113              0.0454          0.0400           0.0524    36.1483   36.5178    0.3695  
   87585504              0.0690          0.0588           0.0707    37.0670   37.4633    0.3963  
   87969478              0.0801          0.0940           0.0937    38.1429   37.8040   -0.3389  
   88979072              0.5446          0.5446           0.5561    45.5669   42.4845   -3.0824  
   89180540              0.7016          0.7016           0.7173    47.0928   43.1529   -3.9399  
   89992504              0.7392          0.7392           0.7288    45.5210   43.2916   -2.2294  
   90385713              0.6830          0.6830           0.6311    45.1599   43.0818   -2.0781  
   90512051              2.1124          2.1124           2.3706    44.6439   46.1024    1.4585  
   90904733              0.0920          0.1077           0.1096    38.4518   38.1224   -0.3294  
   90924286              0.2639          0.2639           0.2691    45.0231   40.6364   -4.3867  
   91239799              0.0795          0.0947           0.0930    38.1667   37.7868   -0.3799  
   91365006              0.6371          0.6371           0.6172    46.8738   42.8972   -3.9766  
   91467238              0.0820          0.0948           0.1030    38.2042   37.8577   -0.3465  
   91980981              0.1772          0.1772           0.1749    44.1351   39.6641   -4.4710  
   92371605              1.6789          1.6789           1.5560    46.9620   45.4906   -1.4714  
   92674584              0.2635          0.2635           2.8883    46.9643   40.6323   -6.3320  
   92779714              0.0449          0.0366           0.0642    36.1103   36.4930    0.3827  
   93912712              0.6332          0.6332           0.6297    46.6375   42.8812   -3.7563  
   93936538              0.0368          0.0435           0.0513    36.4447   36.0481   -0.3966  
   94536380              0.4368          0.4368           0.4404    47.2005   41.9109   -5.2896  
   94898883              0.7370          0.7370           0.7978    47.1241   43.2838   -3.8403  
   95090001              1.3220          1.3220           1.3490    46.2220   44.8502   -1.3718  
   96582748              0.6545          0.6545           0.6606    47.2828   42.9688   -4.3140  
   96643359              0.0504          0.0395           0.0325    36.3645   36.7525    0.3880  
   96701514              0.0440          0.0349           2.4085    35.8974   36.4476    0.5502  
   96783494              0.0970          0.1119           0.1081    38.5850   38.2447   -0.3403  
   96824407              1.7868          1.7868           1.9187    42.6246   45.6569    3.0323  
   97633848              0.2559          0.2559           0.2628    43.4737   40.5602   -2.9135  
   97769884              0.0176          0.0201           0.0275    34.9057   34.4154   -0.4903  
   98115290              0.3494          0.3494           0.3332    46.1466   41.3394   -4.8072  
   98151285              0.5078          0.5078           0.5054    44.9317   42.3015   -2.6302  
   98360161              0.4909          0.4909           0.4764    45.3959   42.2132   -3.1827  
   98841351              0.8744          0.8744           1.5112    45.3443   43.7405   -1.6038  
   99155199              0.6051          0.6051           0.5834    45.8714   42.7614   -3.1100  
  100387454              1.2850          1.2850           1.2915    45.9906   44.7739   -1.2167  
  100465207              0.0151          0.0193           0.0278    34.6824   34.0786   -0.6038  
  100947846              0.7376          0.7376           0.7578    44.0847   43.2859   -0.7988  
  100970445              0.7661          0.7661           0.7535    46.6044   43.3872   -3.2172  
  101241423              0.0327          0.0391           0.0463    36.2103   35.7851   -0.4252  
  101382167              0.7284          0.7284           0.7923    46.6785   43.2527   -3.4258  
  101431113              1.6811          1.6811           1.4474    40.3518   45.4941    5.1423  
  101970961              0.1796          0.1796           0.1930    45.6119   39.6962   -5.9157  
  102068909              0.7787          0.7787           0.8854    46.0895   43.4305   -2.6590  
  103195279              1.0478          1.0478           1.7187    46.9167   44.2255   -2.6912  
  103742019              0.0850          0.0989           0.0938    38.2683   37.9402   -0.3281  
  104652875              0.5572          0.5572           0.5656    41.0683   42.5444    1.4761  
  104793481              0.0442          0.0370           0.0701    36.1184   36.4577    0.3393  
  105552126              0.3015          0.3015           0.3595    46.8622   40.9684   -5.8938  
  106043075              0.6045          0.6045           0.6559    44.7468   42.7587   -1.9881  
  106071536              0.1102          0.1277           2.3887    38.8832   38.5409   -0.3423  
  106459179              0.4735          0.4735           0.4843    46.7071   42.1195   -4.5876  
  106968749              0.3028          0.3028           0.3150    46.3462   40.9786   -5.3676  
  107734889              0.1495          0.1495           0.1484    45.0964   39.2583   -5.8381  
  109114622              0.9144          0.9144           0.8018    41.0548   43.8603    2.8055  
  109223071              1.5651          1.5651           1.5321    46.8172   45.3029   -1.5143  
  109491506              0.8430          0.8430           0.6673    47.1503   43.6426   -3.5077  
  109729502              0.0941          0.1099           0.1079    38.5116   38.1745   -0.3371  
  109764178              1.1996          1.1996           1.2122    45.9987   44.5891   -1.4096  
  109987976              0.0768          0.0644           0.1193    37.2806   37.7077    0.4271  
  110416760              0.2448          0.2448           0.2191    46.8577   40.4499   -6.4078  
  111013443              1.9573          1.9573           1.8309    47.1945   45.8999   -1.2946  
  111580831              0.3241          0.3241           0.4392    45.2020   41.1495   -4.0525  
  111667531              0.2422          0.2422           0.2349    46.2868   40.4243   -5.8625  
  112556747              0.0741          0.0640           0.0713    37.2316   37.6259    0.3943  
  112753178              0.0939          0.1097           0.1061    38.5292   38.1696   -0.3596  
  112882390              0.0826          0.0686           0.0706    37.4329   37.8745    0.4416  
  113804973              0.5390          0.5390           0.3048    43.6222   42.4574   -1.1648  
  113841940              0.0885          0.1038           0.0963    38.4156   38.0330   -0.3826  
  114145502              0.0487          0.0407           0.0775    36.2626   36.6753    0.4127  
  114304520              2.2441          2.2441           2.5100    43.3470   46.2626    2.9156  
  114596398              0.0819          0.0705           0.0676    37.5279   37.8549    0.3270  
  114753902              1.8727          1.8727           1.8184    39.6976   45.7822    6.0846  
  114867441              0.0364          0.0477           0.0655    36.6963   36.0238   -0.6725  
  115547295              0.5956          0.5956           0.6695    44.2627   42.7196   -1.5431  
  115556524              0.5598          0.5598           0.5474    44.9128   42.5565   -2.3563  
  115800919              1.2179          1.2179           1.1896    43.8231   44.6297    0.8066  
  115820756              0.7712          0.7712           0.7607    46.1020   43.4049   -2.6971  
  117242550              1.6912          1.6912           1.5880    47.2713   45.5102   -1.7611  
  117625885              0.0300          0.0185           0.0671    34.5794   35.5936    1.0142  
  118587948              0.4935          0.4935           0.5019    47.1579   42.2272   -4.9307  
  118821113              0.7752          0.7752           0.7679    45.8948   43.4184   -2.4764  
  118901284              0.6290          0.6290           0.5968    46.6484   42.8634   -3.7850  
  118994624              0.6462          0.6462           0.6297    45.7205   42.9348   -2.7857  
  119199330              1.5918          1.5918           1.4229    46.2587   45.3482   -0.9105  
  119239178              0.0231          0.0146           2.6283    34.0398   35.0149    0.9751  
  120052346              0.3301          0.3301           0.3295    44.5132   41.1962   -3.3170  
  120184059              0.6265          0.6265           0.5725    44.7173   42.8531   -1.8642  
  120451182              1.0252          1.0252           1.0471    45.3168   44.1671   -1.1497  
  120936436              0.7641          0.7641           0.7407    47.1917   43.3800   -3.8117  
  121764100              1.2660          1.2660           1.2763    37.3725   44.7338    7.3613  
  122352055              0.4925          0.4925           0.4747    46.9612   42.2217   -4.7395  
  122520320              0.5677          0.5677           0.5526    45.8733   42.5932   -3.2801  
  122678252              0.3296          0.3296           0.3540    39.4436   41.1922    1.7486  
  123015338              0.8715          0.8715           0.8570    47.1401   43.7315   -3.4086  
  123843637              1.0474          1.0474           1.0658    42.8745   44.2247    1.3502  
  123990128              0.2027          0.2027           2.5065    46.9691   39.9884   -6.9807  
  124911875              0.1237          0.1237           0.1392    46.5333   38.8113   -7.7220  
  125115339              0.0933          0.1080           0.1281    38.5058   38.1548   -0.3510  
  125198245              0.7870          0.7870           0.8060    46.8264   43.4588   -3.3676  
  125252178              0.1053          0.1053           2.6938    46.0656   38.4358   -7.6298  
  125743619              0.4427          0.4427           0.4908    47.0618   41.9453   -5.1165  
  125748158              0.4679          0.4679           0.4844    45.6923   42.0888   -3.6035  
  126098010              0.2666          0.2666           0.2475    38.3129   40.6617    2.3488  
  126255654              0.0763          0.0646           0.0696    37.2725   37.6927    0.4202  
  126648714              0.4725          0.4725           0.4647    47.2828   42.1143   -5.1685  
  126869062              0.5350          0.5350           2.0776    45.3945   42.4380   -2.9565  
  126928477              1.1006          1.1006           1.2387    47.4215   44.3577   -3.0638  
  127073345              0.4652          0.4652           0.4718    47.0074   42.0738   -4.9336  
  127334045              0.0442          0.0530           0.0676    36.9454   36.4577   -0.4877  
  127414530              0.2067          0.2067           0.2119    45.6904   40.0365   -5.6539  
  127631216              0.0583          0.0706           0.0914    37.4952   37.0810   -0.4142  
  128464936              0.0832          0.0711           2.5073    37.5188   37.8911    0.3723  
  128558136              0.8872          0.8872           0.9520    44.7025   43.7794   -0.9231  
  128948058              0.5655          0.5655           0.5564    47.2456   42.5831   -4.6625  
  128995485              0.0776          0.0893           0.1404    38.0949   37.7314   -0.3635  
  129625683              0.0490          0.0397           0.0768    36.2354   36.6892    0.4538  
  129943470              0.0500          0.0594           0.0642    37.1018   36.7346   -0.3672  
  129981479              0.3259          0.3259           0.5082    41.8163   41.1636   -0.6527  
