| sim_libid | ra         | decl       |
|       321 |          0 | -61.126862 |
|       446 |          0 | -56.071083 |
|       581 |          0 | -50.872864 |
|       744 |          0 | -45.524532 |
|       927 |          0 | -40.051697 |
|      1134 |          0 | -34.503117 |
|      1351 |          0 | -28.931789 |
|      1581 |          0 | -23.383266 |
|      1819 |          0 | -17.910431 |
|      2061 |          0 | -12.561985 |
|      2304 |          0 |  -7.363883 |
|      2536 |          0 |  -2.308046 |
|      2762 |          0 |   2.635033 |
|      1940 |   1.524125 | -15.207618 |
|      1702 |   1.531344 | -20.622986 |
|      2184 |   1.538334 |  -9.933713 |
|      2426 |   1.560107 |  -4.809408 |
|      1474 |   1.573228 |  -26.14057 |
|      2656 |   1.582853 |   0.187414 |
|      1247 |   1.657567 | -31.706739 |
|      1032 |   1.774794 | -37.272568 |
|       841 |   1.953099 | -42.788605 |
|       664 |   2.206862 |  -48.20105 |
|       521 |   2.546167 | -53.470539 |
|       386 |   2.983907 | -58.589172 |
|      1825 |   3.047734 | -17.866943 |
|      2067 |   3.058792 | -12.520789 |
|      1591 |   3.093628 | -23.339149 |
|      2316 |   3.097353 |  -7.323661 |
|      2544 |   3.141986 |  -2.264673 |
|      2770 |    3.18725 |   2.688031 |
|      1359 |    3.21882 | -28.888647 |
|      1146 |   3.418324 | -34.460377 |
|       941 |   3.709157 | -40.006149 |
|       752 |   4.137958 | -45.469585 |
|      1950 |   4.571516 | -15.123565 |
|      1716 |   4.591225 | -20.535267 |
|      2202 |   4.614144 |  -9.854187 |
|      2428 |   4.677971 |  -4.728621 |
|      1484 |   4.714927 | -26.053423 |
|       601 |   4.727819 | -50.801189 |
|      2658 |   4.743689 |   0.279718 |
|      1261 |   4.967028 |  -31.62114 |
|      1044 |   5.318481 | -37.185707 |
|       448 |   5.496441 | -55.978321 |
|       851 |    5.85328 | -42.689709 |
|      1841 |   6.092604 | -17.738773 |
|      2085 |   6.117012 | -12.400583 |
|      1607 |   6.179865 | -23.208227 |
|      2320 |   6.192299 |  -7.207752 |
|      2556 |    6.27744 |  -2.140971 |
|      1379 |   6.426982 | -28.759789 |
|       331 |    6.48869 | -61.010952 |
|       674 |   6.612735 | -48.075283 |
|      1156 |   6.824672 | -34.332432 |
|       951 |   7.406568 | -39.869095 |
|      1974 |    7.61776 | -14.960787 |
|       527 |   7.622172 | -53.306046 |
|      1734 |   7.644059 | -20.363379 |
|      2212 |   7.688979 |  -9.702295 |
|      2440 |   7.790221 |  -4.576959 |
|      1494 |   7.843162 |  -25.88102 |
|      2670 |   7.892093 |   0.449543 |
|      1267 |   8.259989 | -31.450914 |
|       764 |   8.263427 | -45.302799 |
|      1056 |   8.844578 | -37.011757 |
|       396 |   8.918432 | -58.380329 |
|      1861 |   9.133864 | -17.532394 |
|      2106 |   9.175862 | -12.210304 |
|      1621 |   9.252867 | -22.993999 |
|      2330 |   9.284437 |  -7.027614 |
|      2564 |   9.402868 |  -1.953156 |
|       611 |   9.433693 | -50.583351 |
|      1387 |   9.615149 | -28.547394 |
|       863 |   9.736444 | -42.489864 |
|      1166 |  10.208446 | -34.120152 |
|      1996 |  10.665323 | -14.729255 |
|      1746 |  10.688298 | -20.113398 |
|      2226 |  10.765132 |  -9.490759 |
|      2450 |  10.896683 |   -4.37035 |
|       458 |  10.946129 | -55.697227 |
|      1514 |   10.95077 | -25.626682 |
|       692 |  10.995404 | -47.819229 |
|      2682 |  11.025541 |   0.674371 |
|       967 |  11.081749 | -39.639111 |
|      1279 |  11.526994 | -31.197781 |
|      1873 |  12.174494 | -17.257202 |
|      2108 |   12.24004 | -11.963072 |
|      1641 |  12.309597 | -22.701847 |
|      1074 |  12.343115 | -36.750774 |
|       784 |  12.364945 | -45.019127 |
|      2346 |  12.376748 |  -6.798832 |
|      2572 |  12.518899 |  -1.720993 |
|       537 |  12.650106 | -52.971725 |
|      1397 |  12.775297 |  -28.25421 |
|       349 |  12.885592 | -60.660992 |
|      1182 |  13.560192 | -33.824677 |
|       880 |  13.593481 | -42.184532 |
|      2006 |   13.72062 | -14.441459 |
|      1764 |  13.726407 |   -19.7934 |
|      2234 |  13.847874 |  -9.234647 |
|      2464 |  14.000969 |  -4.126729 |
|      1524 |  14.033112 | -25.294598 |
|       617 |   14.09608 | -50.212246 |
|      2692 |  14.145755 |   0.931457 |
|       979 |   14.72662 | -39.313728 |
|       416 |  14.754179 | -57.958061 |
|      1299 |  14.760481 | -30.864147 |
|      1894 |    15.2224 | -16.924887 |
|      2122 |   15.31711 | -11.673499 |
|       706 |  15.340716 | -47.424461 |
|      1651 |  15.351258 |  -22.33802 |
|      2352 |  15.474788 |  -6.538079 |
|      2584 |  15.629888 |  -1.464079 |
|      1086 |  15.806244 | -36.402588 |
|      1421 |  15.901756 | -27.883507 |
|       482 |  16.303114 | -55.221386 |
|       796 |  16.433289 | -44.610264 |
|      1786 |  16.766865 | -19.413815 |
|      2014 |  16.793795 | -14.112409 |
|      1196 |  16.872805 |  -33.44796 |
|      2244 |  16.944826 |  -8.950002 |
|      1544 |  17.088867 | -24.889288 |
|      2470 |  17.108864 |  -3.863741 |
|      2706 |  17.258577 |   1.199544 |
|       883 |  17.418203 | -41.767422 |
|       557 |  17.598513 | -52.459099 |
|      1307 |  17.955236 | -30.452707 |
|      1900 |  18.290646 |  -16.55023 |
|       983 |  18.336426 | -38.889282 |
|      1671 |  18.384668 | -21.910364 |
|      2136 |  18.416813 | -11.358201 |
|      2362 |  18.585777 |  -6.262085 |
|       637 |  18.694122 | -49.677334 |
|      2596 |  18.741449 |  -1.199487 |
|      1429 |  18.990858 |  -27.43895 |
|       361 |  19.103443 |  -60.07222 |
|      1088 |   19.22938 | -35.966854 |
|       718 |  19.635607 | -46.879463 |
|      1796 |  19.825371 | -18.988165 |
|      2018 |   19.89785 |  -13.75941 |
|      2256 |  20.064466 |  -8.654241 |
|      1560 |  20.120903 | -24.415852 |
|      1216 |  20.141129 | -32.991997 |
|      2484 |  20.225811 |  -3.595711 |
|      2712 |  20.370138 |   1.464079 |
|       420 |  20.429611 | -57.316635 |
|       810 |  20.461813 | -44.064865 |
|      1329 |  21.107937 | -29.966267 |
|       907 |  21.208319 |  -41.22821 |
|      1916 |  21.396994 | -16.152023 |
|      1682 |  21.425928 | -21.430054 |
|       496 |  21.524248 | -54.543175 |
|      2144 |  21.549629 | -11.035855 |
|      2374 |  21.714584 |  -5.984258 |
|      2604 |  21.854216 |    -0.9314 |
|      1009 |  21.911053 | -38.359009 |
|      1451 |  22.040884 | -26.923689 |
|       571 |  22.436855 | -51.758312 |
|      1114 |  22.611437 | -35.441624 |
|      1804 |  22.926332 | -18.536674 |
|      2032 |  23.046597 | -13.403889 |
|      1572 |  23.140104 | -23.881338 |
|       649 |  23.207083 | -48.966518 |
|      2262 |  23.211323 |  -8.360543 |
|      2488 |  23.346197 |   -3.31754 |
|      1224 |   23.36224 | -32.459148 |
|      2726 |  23.481071 |   1.721051 |
|       730 |  23.867245 |   -46.1698 |
|       312 |  24.055405 | -62.021133 |
|      1337 |  24.217207 | -29.407574 |
|       818 |  24.444843 | -43.366547 |
|      1694 |  24.505749 | -20.916912 |
|      1922 |  24.561497 | -15.756282 |
|      2154 |  24.720148 |  -10.72153 |
|      2386 |  24.848663 |  -5.689987 |
|       921 |   24.96509 | -40.550571 |
|      2610 |  24.974485 |  -0.674371 |
|      1466 |   25.05298 | -26.341448 |
|       370 |  25.065872 | -59.242233 |
|      1019 |  25.456228 | -37.709217 |
|       439 |   25.89053 |  -56.45187 |
|      1124 |  25.957739 | -34.820019 |
|      1814 |  26.101494 | -18.092175 |
|      1601 |  26.175406 | -23.300648 |
|      2046 |  26.246052 | -13.065042 |
|      2272 |  26.364481 |  -8.045531 |
|      2504 |  26.481766 |  -3.055527 |
|      1230 |  26.535738 |  -31.85038 |
|       511 |  26.570059 | -53.656067 |
|      2732 |  26.597101 |   1.953156 |
|       589 |  27.136026 | -50.859859 |
|      1369 |  27.285225 | -28.778582 |
|       684 |  27.613071 | -48.066631 |
|      1722 |  27.675638 | -20.411678 |
|      1932 |  27.794813 | -15.390047 |
|      2166 |  27.897545 | -10.381709 |
|      2392 |   28.00526 |  -5.419894 |
|       772 |  28.020729 | -45.277931 |
|      1498 |  28.035799 | -25.698303 |
|      2618 |  28.107821 |    -0.4496 |
|       861 |  28.375219 | -42.492725 |
|       961 |  28.690746 | -39.706947 |
|      1062 |  28.984159 | -36.910057 |
|      1168 |  29.284618 | -34.079128 |
|      1623 |   29.30043 | -22.717146 |
|      1843 |   29.37314 | -17.696432 |
|      2048 |  29.452265 | -12.697604 |
|      2284 |  29.547834 |  -7.766615 |
|      2508 |  29.637674 |  -2.836485 |
|      1289 |  29.666437 | -31.161858 |
|      2746 |  29.722528 |   2.141029 |
|       333 |  30.247015 | -60.981216 |
|      1411 |  30.323505 |    -28.079 |
|       404 |  30.712257 | -58.173149 |
|      1754 |  30.989626 | -19.985971 |
|      1962 |  31.034086 | -14.992759 |
|      1532 |  31.038155 | -25.018776 |
|       474 |  31.092184 | -55.362907 |
|      2172 |  31.113384 | -10.097006 |
|      2404 |  31.188557 |  -5.208587 |
|      2634 |  31.256336 |  -0.279718 |
|       549 |  31.405649 | -52.555355 |
|       627 |   31.66692 | -49.754509 |
|       716 |  31.887394 | -46.963173 |
|       804 |  32.075439 | -44.182838 |
|       901 |  32.237759 | -41.413563 |
|      1001 |  32.379677 | -38.654083 |
|      1104 |  32.506187 | -35.901249 |
|      1198 |  32.626335 | -33.146584 |
|      1867 |  32.649197 | -17.269064 |
|      1659 |  32.658768 | -22.267317 |
|      2077 |  32.706894 |  -12.41548 |
|      2288 |  32.763504 |  -7.570205 |
|      1321 |  32.782066 |  -30.35284 |
|      2526 |  32.812778 |  -2.687974 |
|      2748 |  32.857983 |   2.264673 |
|      1439 |  33.397766 |  -27.29273 |
|      1774 |  34.304131 | -19.534538 |
|      1980 |  34.334267 |  -14.73361 |
|      2196 |  34.366066 |  -9.930333 |
|      2412 |  34.393394 |  -5.090329 |
|      2646 |  34.417175 |  -0.187357 |
|      1556 |  34.428577 | -24.589401 |
|       501 |  35.999969 | -54.054386 |
|       925 |  35.999969 | -40.103664 |
|      1026 |  35.999969 | -37.345448 |
|      1131 |  35.999969 | -34.591812 |
|      1239 |  35.999969 | -31.829926 |
|      1456 |  35.999969 | -26.565016 |
|      2301 |  35.999969 |  -7.498127 |
|      2759 |  35.999969 |   2.308103 |
|       364 |  36.000027 | -59.692635 |
|       429 |  36.000027 | -56.872421 |
|       575 |  36.000027 |  -51.24271 |
|       656 |  36.000027 | -48.440544 |
|       740 |  36.000027 | -45.649899 |
|       828 |  36.000027 | -42.871223 |
|      1344 |  36.000027 | -28.996477 |
|      1676 |  36.000027 | -21.837885 |
|      1886 |  36.000027 | -17.080502 |
|      2094 |  36.000027 | -12.307019 |
|      2530 |  36.000027 |  -2.635033 |
|      1552 |  37.571423 | -24.589401 |
|      2642 |  37.582825 |  -0.187357 |
|      2416 |  37.606602 |  -5.090329 |
|      2190 |   37.63393 |   -9.93039 |
|      1978 |  37.665787 |  -14.73361 |
|      1770 |  37.695866 | -19.534538 |
|      1441 |   38.60223 | -27.292673 |
|      2752 |  39.142014 |    2.26473 |
|      2519 |  39.187279 |  -2.688031 |
|      1313 |  39.217987 | -30.352955 |
|      2294 |  39.236492 |  -7.570205 |
|      2079 |  39.293102 |  -12.41548 |
|      1661 |  39.341171 |  -22.26726 |
|      1869 |    39.3508 | -17.269064 |
|      1202 |  39.373661 | -33.146584 |
|      1106 |  39.493809 | -35.901249 |
|       999 |  39.620377 | -38.654083 |
|       899 |  39.762241 |  -41.41362 |
|       800 |  39.924618 | -44.182838 |
|       714 |  40.112602 | -46.963173 |
|       629 |  40.333076 | -49.754509 |
|       551 |  40.594345 | -52.555355 |
|      2628 |   40.74366 |  -0.279775 |
|      2406 |   40.81144 |   -5.20853 |
|      2176 |  40.886612 | -10.096949 |
|       468 |   40.90781 | -55.362965 |
|      1534 |  40.961842 | -25.018776 |
|      1960 |  40.965908 | -14.992759 |
|      1756 |  41.010372 | -19.985971 |
|       406 |  41.287739 | -58.173092 |
|      1407 |  41.676491 | -28.079058 |
|       339 |  41.752983 | -60.981159 |
|      2742 |  42.277466 |   2.141029 |
|      1287 |  42.333618 | -31.161858 |
|      2516 |  42.362377 |  -2.836428 |
|      2286 |  42.452164 |  -7.766615 |
|      2052 |  42.547729 | -12.697604 |
|      1851 |  42.626858 | -17.696432 |
|      1631 |  42.699566 | -22.717089 |
|      1176 |  42.715435 | -34.079071 |
|      1066 |  43.015896 |     -36.91 |
|       953 |  43.309193 | -39.706947 |
|       855 |  43.624779 | -42.492844 |
|      2626 |  43.892178 |  -0.449543 |
|      1504 |  43.964199 | -25.698246 |
|       774 |  43.979267 | -45.277874 |
|      2396 |  43.994736 |  -5.419894 |
|      2164 |  44.102451 | -10.381766 |
|      1936 |  44.205242 | -15.390047 |
|      1726 |   44.32436 | -20.411678 |
|       686 |  44.386982 | -48.066574 |
|      1371 |  44.714828 | -28.778582 |
|       591 |  44.863972 | -50.859802 |
|      2736 |  45.402836 |   1.953213 |
|       503 |  45.429882 |  -53.65612 |
|      1232 |  45.464256 |  -31.85038 |
|      2498 |   45.51823 |  -3.055527 |
|      2276 |  45.635513 |  -8.045473 |
|      2044 |  45.754002 | -13.065099 |
|      1593 |  45.824593 | -23.300648 |
|      1816 |   45.89856 | -18.092115 |
|      1126 |  46.042259 | -34.820019 |
|       435 |  46.109409 |  -56.45187 |
|      1017 |   46.54377 | -37.709217 |
|       374 |  46.934067 | -59.242233 |
|      1460 |  46.947018 | -26.341562 |
|      2614 |  47.025566 |  -0.674371 |
|       913 |  47.034851 | -40.550571 |
|      2381 |   47.15139 |  -5.690044 |
|      2152 |  47.279903 |  -10.72153 |
|      1918 |  47.438499 | -15.756282 |
|      1692 |   47.49419 | -20.916912 |
|       826 |  47.555153 | -43.366489 |
|      1339 |   47.78273 | -29.407574 |
|       314 |  47.944534 | -62.021133 |
|       736 |  48.132751 |   -46.1698 |
|      2718 |  48.518925 |   1.720993 |
|      1226 |  48.637756 | -32.459091 |
|      2496 |  48.653801 |   -3.31754 |
|      2266 |  48.788673 |  -8.360543 |
|       651 |  48.792973 | -48.966518 |
|      1570 |  48.859837 | -23.881397 |
|      2030 |    48.9534 | -13.403889 |
|      1800 |  49.073605 | -18.536732 |
|      1116 |  49.388618 | -35.441624 |
|       563 |  49.563026 | -51.758312 |
|      1445 |   49.95911 | -26.923744 |
|      1011 |  50.088943 | -38.359009 |
|      2606 |  50.145782 |    -0.9314 |
|      2372 |  50.285412 |  -5.984258 |
|      2140 |   50.45031 | -11.035912 |
|       492 |  50.475636 | -54.543175 |
|      1678 |  50.574123 | -21.430054 |
|      1912 |  50.603062 | -16.152023 |
|       909 |  50.791676 |  -41.22821 |
|      1331 |  50.892059 | -29.966267 |
|       816 |  51.538185 | -44.064808 |
|       422 |  51.570385 | -57.316635 |
|      2714 |  51.629856 |   1.464136 |
|      2486 |  51.774185 |  -3.595711 |
|      1214 |   51.85881 | -32.991997 |
|      1566 |  51.879093 | -24.415794 |
|      2248 |  51.935532 |  -8.654298 |
|      2024 |  52.102089 |  -13.75941 |
|      1788 |  52.174625 | -18.988165 |
|       720 |  52.364445 | -46.879463 |
|      1094 |  52.770733 | -35.966854 |
|       357 |  52.896553 |  -60.07222 |
|      1427 |  53.009136 |  -27.43895 |
|      2590 |  53.258549 |  -1.199544 |
|       641 |  53.305874 | -49.677334 |
|      2366 |  53.414276 |  -6.262085 |
|      2134 |  53.583241 | -11.358201 |
|      1665 |  53.615273 | -21.910364 |
|       985 |   53.66357 | -38.889225 |
|      1906 |  53.709351 |  -16.55023 |
|      1309 |  54.044762 | -30.452707 |
|       555 |  54.401482 | -52.459099 |
|       885 |  54.581795 | -41.767365 |
|      2700 |  54.741421 |   1.199544 |
|      2472 |   54.89119 |  -3.863741 |
|      1546 |  54.911186 | -24.889288 |
|      2246 |  55.055229 |  -8.950002 |
|      1188 |  55.127193 | -33.448017 |
|      2016 |  55.206203 | -14.112409 |
|      1782 |  55.233131 | -19.413815 |
|       794 |  55.566708 | -44.610321 |
|       480 |  55.696827 | -55.221386 |
|      1419 |  56.098125 | -27.883564 |
|      1082 |  56.193752 | -36.402588 |
|      2586 |   56.37011 |  -1.464079 |
|      2354 |  56.525208 |  -6.538079 |
|      1649 |  56.648739 | -22.338078 |
|       698 |   56.65934 | -47.424461 |
|      2126 |  56.682945 | -11.673499 |
|      1896 |  56.777596 | -16.924887 |
|      1297 |  57.239513 | -30.864147 |
|       414 |  57.245819 | -57.958061 |
|       975 |  57.273376 | -39.313728 |
|      2694 |   57.85424 |   0.931457 |
|       621 |  57.903858 | -50.212189 |
|      1522 |  57.966827 | -25.294598 |
|      2460 |  57.999084 |  -4.126786 |
|      2236 |  58.152122 |  -9.234647 |
|      1766 |   58.27359 |   -19.7934 |
|      1999 |  58.279434 | -14.441516 |
|       872 |  58.406513 | -42.184589 |
|      1178 |  58.439747 | -33.824734 |
|       343 |  59.114407 | -60.661049 |
|      1401 |  59.224644 | -28.254152 |
|       541 |  59.349777 | -52.971668 |
|      2574 |  59.481098 |  -1.720993 |
|      2344 |  59.623249 |  -6.798889 |
|       778 |  59.634995 | -45.019127 |
|      1070 |  59.656879 | -36.750832 |
|      1635 |  59.690399 | -22.701906 |
|      2116 |  59.759956 | -11.963015 |
|      1875 |  59.825504 | -17.257145 |
|      1277 |  60.473003 | -31.197781 |
|       963 |  60.918304 | -39.639111 |
|      2686 |   60.97451 |   0.674429 |
|       688 |  61.004536 | -47.819229 |
|      1516 |  61.049282 | -25.626682 |
|       462 |   61.05381 | -55.697227 |
|      2456 |  61.103313 |   -4.37035 |
|      2224 |  61.234863 |  -9.490759 |
|      1744 |  61.311756 | -20.113398 |
|      1990 |  61.334675 | -14.729255 |
|      1165 |   61.79155 | -34.120152 |
|       871 |  62.263496 | -42.489803 |
|      1386 |   62.38485 | -28.547394 |
|       607 |  62.566246 | -50.583408 |
|      2566 |   62.59713 |  -1.953156 |
|      2336 |  62.715504 |  -7.027557 |
|      1617 |  62.747185 | -22.994057 |
|      2102 |  62.824135 | -12.210304 |
|      1855 |  62.866074 | -17.532452 |
|       392 |  63.081566 | -58.380329 |
|      1050 |  63.155361 | -37.011814 |
|       766 |  63.736568 | -45.302799 |
|      1269 |  63.739948 | -31.450914 |
|      2674 |  64.107849 |     0.4496 |
|      1488 |  64.156891 |  -25.88102 |
|      2444 |  64.209831 |  -4.576901 |
|      2216 |   64.31102 |  -9.702295 |
|      1730 |  64.355881 | -20.363379 |
|       523 |  64.377769 | -53.306046 |
|      1970 |  64.382179 | -14.960845 |
|       947 |  64.593483 | -39.869156 |
|      1154 |   65.17527 | -34.332493 |
|       672 |  65.387207 |  -48.07534 |
|       329 |  65.511246 | -61.011009 |
|      1375 |  65.573074 | -28.759846 |
|      2554 |  65.722557 |  -2.141029 |
|      2318 |  65.807701 |  -7.207809 |
|      1611 |  65.820129 | -23.208172 |
|      2091 |   65.88298 | -12.400583 |
|      1839 |  65.907333 | -17.738773 |
|       849 |   66.14666 |  -42.68977 |
|       450 |  66.503555 | -55.978321 |
|      1046 |  66.681519 |  -37.18565 |
|      1257 |  67.033028 |  -31.62114 |
|      2664 |  67.256363 |   0.279775 |
|       597 |  67.272118 | -50.801247 |
|      1486 |  67.285011 | -26.053423 |
|      2434 |  67.322021 |  -4.728621 |
|      2206 |  67.385796 |  -9.854187 |
|      1714 |  67.408714 | -20.535322 |
|      1956 |  67.428535 | -15.123507 |
|       748 |  67.861923 | -45.469585 |
|       933 |  68.290894 | -40.006207 |
|      1144 |  68.581734 | -34.460377 |
|      1361 |  68.781174 | -28.888647 |
|      2776 |  68.812691 |   2.688031 |
|      2540 |  68.858009 |   -2.26473 |
|      2314 |  68.902641 |  -7.323718 |
|      1589 |  68.906364 | -23.339149 |
|      2071 |    68.9412 | -12.520789 |
|      1827 |  68.952263 | -17.866886 |
|       382 |   69.01609 | -58.589233 |
|       519 |  69.453827 |   -53.4706 |
|       660 |  69.793076 | -48.201107 |
|       837 |  70.046898 | -42.788605 |
|      1034 |  70.225143 | -37.272568 |
|      1245 |  70.342369 | -31.706739 |
|      2654 |  70.417198 |   0.187414 |
|      1476 |  70.426765 | -26.140512 |
|      2424 |  70.439888 |  -4.809408 |
|      2182 |  70.461716 |  -9.933713 |
|      1706 |  70.468765 | -20.622986 |
|      1944 |  70.475868 |  -15.20756 |
|       320 |  71.999939 | -61.126862 |
|       746 |  71.999939 | -45.524475 |
|       443 |  71.999992 |  -56.07114 |
|       580 |  71.999992 | -50.872925 |
|       931 |  71.999992 |  -40.05164 |
|      1133 |  71.999992 | -34.503117 |
|      1580 |  71.999992 | -23.383266 |
|      1821 |  71.999992 | -17.910374 |
|      2058 |  71.999992 | -12.561985 |
|      2303 |  71.999992 |  -7.363883 |
|      2533 |  71.999992 |  -2.308103 |
|      2766 |  71.999992 |    2.63509 |
|      1350 |  72.000053 | -28.931789 |
|      1946 |  73.524063 |  -15.20756 |
|      1704 |  73.531281 | -20.622986 |
|      2186 |  73.538277 |  -9.933713 |
|      2418 |  73.560158 |  -4.809408 |
|      1470 |  73.573227 |  -26.14057 |
|      2650 |  73.582794 |   0.187357 |
|      1243 |  73.657509 | -31.706739 |
|      1036 |  73.774788 | -37.272568 |
|       839 |  73.953094 | -42.788605 |
|       666 |  74.206856 |  -48.20105 |
|       517 |  74.546104 | -53.470657 |
|       380 |  74.983963 | -58.589233 |
|      1831 |  75.047729 | -17.866886 |
|      2065 |  75.058846 | -12.520789 |
|      1585 |  75.093628 | -23.339207 |
|      2310 |  75.097351 |  -7.323718 |
|      2538 |  75.141983 |   -2.26473 |
|      2772 |  75.187248 |   2.688031 |
|      1353 |  75.218819 | -28.888647 |
|      1142 |  75.418205 | -34.460377 |
|       939 |  75.709099 | -40.006149 |
|       754 |  76.138069 | -45.469528 |
|      1954 |   76.57151 | -15.123507 |
|      1712 |  76.591225 | -20.535322 |
|      2200 |  76.614143 |  -9.854187 |
|      2430 |  76.678024 |  -4.728621 |
|      1482 |   76.71492 | -26.053423 |
|       599 |  76.727814 | -50.801247 |
|      2662 |  76.743683 |   0.279718 |
|      1255 |  76.967026 |  -31.62114 |
|      1042 |  77.318474 | -37.185707 |
|       454 |  77.496498 | -55.978321 |
|       847 |  77.853279 |  -42.68977 |
|      1837 |  78.092659 | -17.738773 |
|      2087 |  78.117004 | -12.400583 |
|      1605 |  78.179863 | -23.208227 |
|      2324 |  78.192352 |  -7.207752 |
|      2550 |  78.277435 |  -2.141029 |
|      1377 |  78.427032 | -28.759846 |
|       323 |  78.488632 | -61.011009 |
|       676 |  78.612732 | -48.075283 |
|      1150 |  78.824722 | -34.332493 |
|       949 |  79.406509 | -39.869156 |
|      1976 |   79.61776 | -14.960787 |
|       531 |  79.622169 | -53.305988 |
|      1736 |  79.644112 | -20.363321 |
|      2210 |  79.688972 |  -9.702295 |
|      2446 |  79.790215 |  -4.576901 |
|      1490 |  79.843216 |  -25.88102 |
|      2672 |   79.89209 |     0.4496 |
|      1271 |   80.26004 | -31.450914 |
|       762 |   80.26342 | -45.302799 |
|      1054 |  80.844574 | -37.011814 |
|       388 |  80.918488 | -58.380329 |
|      1857 |  81.133919 | -17.532394 |
|      2100 |  81.175858 | -12.210361 |
|      1619 |  81.252861 | -22.994057 |
|      2332 |  81.284492 |  -7.027614 |
|      2560 |  81.402809 |  -1.953156 |
|       609 |  81.433685 | -50.583408 |
|      1391 |  81.615143 | -28.547337 |
|       869 |  81.736496 | -42.489864 |
|      1161 |  82.208443 | -34.120209 |
|      1992 |  82.665321 | -14.729255 |
|      1739 |  82.688293 | -20.113398 |
|      2218 |  82.765129 |  -9.490817 |
|      2448 |  82.896683 |   -4.37035 |
|       460 |  82.946182 | -55.697227 |
|      1508 |  82.950768 | -25.626799 |
|       694 |  82.995461 | -47.819229 |
|      2678 |  83.025536 |   0.674371 |
|       969 |  83.081741 | -39.639111 |
|      1275 |  83.526993 | -31.197781 |
|      1881 |  84.174492 | -17.257145 |
|      2114 |  84.239983 | -11.963015 |
|      1633 |  84.309593 | -22.701906 |
|      1068 |  84.343056 | -36.750832 |
|       782 |  84.364944 | -45.019127 |
|      2338 |  84.376747 |  -6.798889 |
|      2570 |  84.518898 |  -1.721051 |
|       539 |  84.650047 | -52.971725 |
|      1393 |  84.775291 |  -28.25421 |
|       345 |   84.88559 | -60.660992 |
|      1186 |  85.560249 | -33.824677 |
|       874 |  85.593475 | -42.184589 |
|      2001 |  85.720619 | -14.441516 |
|      1758 |  85.726463 | -19.793514 |
|      2232 |  85.847931 |  -9.234647 |
|      2466 |  86.000961 |  -4.126729 |
|      1526 |  86.033112 | -25.294598 |
|       619 |   86.09613 | -50.212189 |
|      2696 |  86.145752 |   0.931457 |
|       973 |  86.726616 | -39.313728 |
|       408 |  86.754173 | -57.958118 |
|      1293 |  86.760536 | -30.864204 |
|      1890 |  87.222336 | -16.924944 |
|      2120 |  87.317047 | -11.673499 |
|       702 |  87.340652 | -47.424461 |
|      1643 |  87.351257 | -22.338078 |
|      2356 |  87.474724 |  -6.538079 |
|      2578 |  87.629829 |  -1.464136 |
|      1080 |  87.806297 | -36.402588 |
|      1413 |  87.901871 | -27.883564 |
|       486 |  88.303108 | -55.221386 |
|       788 |  88.433289 | -44.610378 |
|      1780 |  88.766861 | -19.413815 |
|      2012 |  88.793732 | -14.112409 |
|      1190 |  88.872803 | -33.448017 |
|      2242 |  88.944824 |  -8.950002 |
|      1542 |  89.088867 | -24.889343 |
|      2468 |  89.108803 |  -3.863741 |
|      2702 |  89.258514 |   1.199544 |
|       889 |  89.418259 | -41.767365 |
|       561 |   89.59845 | -52.459042 |
|      1305 |  89.955177 | -30.452765 |
|      1904 |  90.290588 |  -16.55023 |
|       991 |  90.336426 | -38.889225 |
|      1669 |  90.384666 | -21.910364 |
|      2130 |  90.416809 | -11.358258 |
|      2360 |   90.58577 |  -6.262142 |
|       639 |  90.694122 | -49.677334 |
|      2592 |  90.741501 |  -1.199544 |
|      1431 |  90.990852 |  -27.43895 |
|       355 |    91.1035 |  -60.07222 |
|      1096 |  91.229317 | -35.966854 |
|       721 |  91.635544 | -46.879463 |
|      1794 |  91.825424 | -18.988165 |
|      2020 |   91.89785 |  -13.75941 |
|      2254 |  92.064461 |  -8.654241 |
|      1564 |  92.120842 | -24.415794 |
|      1212 |  92.141129 | -32.991997 |
|      2478 |  92.225807 |  -3.595769 |
|      2716 |  92.370193 |   1.464136 |
|       424 |   92.42955 | -57.316578 |
|       814 |  92.461807 | -44.064865 |
|      1323 |   93.10788 | -29.966324 |
|       903 |  93.208313 | -41.228268 |
|      1908 |  93.396988 | -16.152023 |
|      1684 |  93.425926 | -21.430054 |
|       494 |  93.524185 | -54.543175 |
|      2146 |  93.549629 | -11.035855 |
|      2368 |  93.714584 |  -5.984258 |
|      2598 |  93.854271 |  -0.931457 |
|      1007 |  93.911049 | -38.359009 |
|      1447 |  94.040939 | -26.923689 |
|       567 |  94.436913 | -51.758312 |
|      1110 |  94.611374 | -35.441681 |
|      1806 |  94.926384 | -18.536674 |
|      2028 |  95.046539 | -13.403889 |
|      1568 |  95.140099 | -23.881397 |
|       643 |  95.207024 | -48.966576 |
|      2260 |  95.211319 |    -8.3606 |
|      2490 |  95.346191 |   -3.31754 |
|      1220 |  95.362289 | -32.459148 |
|      2724 |  95.481064 |   1.721051 |
|       734 |  95.867188 |   -46.1698 |
|       316 |  96.055397 | -62.021133 |
|      1333 |  96.217201 | -29.407574 |
|       824 |  96.444901 | -43.366489 |
|      1696 |  96.505745 | -20.916912 |
|      1920 |  96.561493 | -15.756282 |
|      2148 |  96.720146 | -10.721587 |
|      2382 |  96.848602 |  -5.690044 |
|       919 |  96.965202 | -40.550571 |
|      2616 |   96.97448 |  -0.674371 |
|      1464 |  97.053032 | -26.341505 |
|       372 |  97.065926 | -59.242233 |
|      1021 |  97.456223 | -37.709217 |
|       441 |  97.890587 |  -56.45187 |
|      1118 |  97.957794 |  -34.82008 |
|      1812 |  98.101486 | -18.092175 |
|      1595 |    98.1754 | -23.300648 |
|      2042 |  98.245987 | -13.065099 |
|      2274 |  98.364479 |  -8.045531 |
|      2502 |  98.481705 |  -3.055527 |
|      1234 |  98.535675 |  -31.85038 |
|       505 |  98.570168 |  -53.65612 |
|      2734 |  98.597214 |   1.953156 |
|       587 |   99.13591 | -50.859859 |
|      1365 |  99.285217 | -28.778639 |
|       680 |  99.612953 | -48.066631 |
|      1720 |  99.675636 | -20.411678 |
|      1928 |  99.794807 | -15.390047 |
|      2162 |  99.897537 | -10.381766 |
|      2388 | 100.005196 |  -5.419952 |
|       770 | 100.020668 | -45.277931 |
|      1506 | 100.035797 | -25.698246 |
|      2622 | 100.107872 |    -0.4496 |
|       857 | 100.375214 | -42.492844 |
|       957 | 100.690804 | -39.706947 |
|      1064 |   100.9841 | -36.910057 |
|      1174 | 101.284615 | -34.079128 |
|      1629 |  101.30043 | -22.717146 |
|      1845 | 101.373138 | -17.696432 |
|      2050 | 101.452263 | -12.697604 |
|      2278 | 101.547829 |  -7.766672 |
|      2514 | 101.637611 |  -2.836428 |
|      1285 | 101.666435 | -31.161858 |
|      2744 |  101.72258 |   2.141029 |
|       341 | 102.247009 | -60.981159 |
|      1405 | 102.323502 | -28.079058 |
|       398 | 102.712196 | -58.173206 |
|      1752 | 102.989624 | -19.986029 |
|      1964 | 103.034081 | -14.992759 |
|      1528 | 103.038155 | -25.018776 |
|       472 | 103.092239 | -55.362965 |
|      2170 |  103.11338 | -10.097006 |
|      2402 | 103.188553 |  -5.208587 |
|      2632 | 103.256332 |  -0.279718 |
|       547 | 103.405701 | -52.555412 |
|       631 | 103.666969 | -49.754509 |
|       710 | 103.887276 | -46.963173 |
|       802 | 104.075378 | -44.182838 |
|       895 | 104.237808 |  -41.41362 |
|       997 |  104.37973 | -38.654083 |
|      1098 | 104.506126 | -35.901306 |
|      1204 | 104.626335 | -33.146584 |
|      1863 | 104.649193 | -17.269064 |
|      1653 |  104.65876 | -22.267317 |
|      2073 | 104.706894 | -12.415537 |
|      2296 | 104.763496 |  -7.570148 |
|      1315 | 104.782066 | -30.352955 |
|      2522 | 104.812775 |  -2.688031 |
|      2756 | 104.857979 |    2.26473 |
|      1433 | 105.397705 |  -27.29273 |
|      1772 | 106.304123 | -19.534538 |
|      1986 | 106.334206 | -14.733552 |
|      2192 | 106.366058 |   -9.93039 |
|      2414 | 106.393394 |  -5.090329 |
|      2644 | 106.417229 |  -0.187357 |
|      1554 | 106.428574 | -24.589401 |
|       431 | 107.999969 | -56.872364 |
|       498 | 107.999969 | -54.054443 |
|       573 | 107.999969 |  -51.24271 |
|       653 | 107.999969 | -48.440601 |
|       738 | 107.999969 | -45.649956 |
|      1023 | 107.999969 | -37.345448 |
|      1129 | 107.999969 | -34.591869 |
|      1241 | 107.999969 | -31.829926 |
|      1454 | 107.999969 | -26.565075 |
|      1883 | 107.999969 | -17.080559 |
|      2528 | 107.999969 |   -2.63509 |
|      2761 | 107.999969 |   2.308103 |
|       366 | 108.000023 | -59.692635 |
|       830 | 108.000023 | -42.871223 |
|       923 | 108.000023 | -40.103722 |
|      1346 | 108.000023 | -28.996477 |
|      1673 | 108.000023 | -21.837942 |
|      2096 | 108.000023 | -12.307019 |
|      2299 | 108.000023 |  -7.498184 |
|      1550 | 109.571472 | -24.589401 |
|      2640 | 109.582817 |  -0.187414 |
|      2410 | 109.606651 |  -5.090329 |
|      2194 | 109.633926 |   -9.93039 |
|      1982 |  109.66584 |  -14.73361 |
|      1776 | 109.695862 | -19.534538 |
|      1435 | 110.602226 |  -27.29273 |
|      2754 | 111.142006 |    2.26473 |
|      2518 | 111.187271 |  -2.688031 |
|      1317 | 111.217926 | -30.352898 |
|      2292 | 111.236549 |  -7.570205 |
|      2081 | 111.293098 |  -12.41548 |
|      1655 | 111.341225 | -22.267317 |
|      1865 | 111.350792 | -17.269064 |
|      1206 | 111.373596 | -33.146584 |
|      1102 | 111.493805 | -35.901306 |
|       995 | 111.620316 |  -38.65414 |
|       893 | 111.762238 |  -41.41362 |
|       806 | 111.924553 | -44.182838 |
|       712 | 112.112602 | -46.963173 |
|       625 | 112.333015 | -49.754509 |
|       545 | 112.594345 | -52.555412 |
|      2630 | 112.743652 |  -0.279775 |
|      2400 |  112.81144 |  -5.208587 |
|      2168 | 112.886612 | -10.097063 |
|       476 | 112.907806 | -55.362907 |
|      1530 | 112.961838 | -25.018776 |
|      1958 | 112.965904 | -14.992816 |
|      1750 | 113.010368 | -19.986029 |
|       400 | 113.287735 | -58.173149 |
|      1409 | 113.676491 |    -28.079 |
|       335 | 113.752975 | -60.981216 |
|      2740 | 114.277466 |   2.141029 |
|      1291 | 114.333611 | -31.161798 |
|      2512 | 114.362373 |  -2.836485 |
|      2282 | 114.452156 |  -7.766672 |
|      2054 | 114.547729 | -12.697604 |
|      1849 | 114.626907 | -17.696432 |
|      1625 | 114.699615 | -22.717146 |
|      1172 | 114.715431 | -34.079128 |
|      1058 | 115.015831 | -36.910114 |
|       955 | 115.309242 | -39.706947 |
|       853 | 115.624771 | -42.492844 |
|      2620 | 115.892113 |    -0.4496 |
|      1500 | 115.964195 | -25.698303 |
|       776 | 115.979263 | -45.277874 |
|      2394 | 115.994789 |  -5.419894 |
|      2158 | 116.102509 | -10.381823 |
|      1930 | 116.205238 | -15.390047 |
|      1718 | 116.324356 | -20.411678 |
|       678 | 116.387039 | -48.066631 |
|      1363 | 116.714767 | -28.778639 |
|       585 | 116.863968 | -50.859917 |
|      2728 | 117.402893 |   1.953156 |
|       509 | 117.429932 |  -53.65612 |
|      1236 |  117.46431 |  -31.85038 |
|      2500 | 117.518227 |  -3.055527 |
|      2270 | 117.635513 |  -8.045588 |
|      2040 | 117.753998 | -13.065099 |
|      1597 | 117.824585 | -23.300648 |
|      1808 |  117.89856 | -18.092175 |
|      1122 | 118.042252 | -34.820019 |
|       437 | 118.109467 |  -56.45187 |
|      1015 | 118.543762 | -37.709217 |
|       368 | 118.934006 | -59.242233 |
|      1458 | 118.947014 | -26.341562 |
|      2608 | 119.025505 |  -0.674429 |
|       915 | 119.034843 | -40.550571 |
|      2384 | 119.151382 |  -5.690044 |
|      2150 | 119.279846 | -10.721587 |
|      1924 | 119.438438 | -15.756282 |
|      1688 | 119.494247 | -20.917028 |
|       820 | 119.555153 | -43.366547 |
|      1335 | 119.782784 | -29.407574 |
|       310 | 119.944649 | -62.021191 |
|       732 | 120.132751 |   -46.1698 |
|      2720 | 120.518921 |   1.720993 |
|      1222 | 120.637756 | -32.459148 |
|      2494 | 120.653793 |   -3.31754 |
|      2258 | 120.788727 |    -8.3606 |
|       645 | 120.792908 | -48.966576 |
|      1574 | 120.859886 | -23.881338 |
|      2034 | 120.953453 | -13.403889 |
|      1802 | 121.073662 | -18.536732 |
|      1112 | 121.388557 | -35.441681 |
|       565 | 121.563194 | -51.758312 |
|      1443 | 121.959106 | -26.923744 |
|      1005 | 122.088943 | -38.359009 |
|      2600 | 122.145775 |  -0.931457 |
|      2370 | 122.285408 |  -5.984258 |
|      2138 | 122.450363 | -11.035912 |
|       488 | 122.475685 | -54.543232 |
|      1686 | 122.574066 | -21.430054 |
|      1910 | 122.602997 | -16.152023 |
|       911 | 122.791672 |  -41.22821 |
|      1325 | 122.892059 | -29.966324 |
|       812 | 123.538177 | -44.064865 |
|       426 | 123.570381 | -57.316578 |
|      2708 | 123.629852 |   1.464079 |
|      2480 | 123.774239 |  -3.595769 |
|      1208 | 123.858864 | -32.992111 |
|      1562 | 123.879089 | -24.415852 |
|      2252 | 123.935524 |  -8.654298 |
|      2022 | 124.102203 |  -13.75941 |
|      1790 | 124.174568 | -18.988165 |
|       726 | 124.364441 | -46.879463 |
|      1090 | 124.770668 | -35.966854 |
|       359 | 124.896492 |  -60.07222 |
|      1423 | 125.009132 |  -27.43895 |
|      2594 | 125.258598 |  -1.199544 |
|       635 | 125.305923 | -49.677387 |
|      2358 | 125.414215 |  -6.262142 |
|      2132 | 125.583237 | -11.358258 |
|      1667 | 125.615326 | -21.910364 |
|       989 | 125.663567 | -38.889225 |
|      1902 | 125.709351 |  -16.55023 |
|      1303 | 126.044754 | -30.452765 |
|       559 | 126.401482 | -52.459099 |
|       887 | 126.581787 | -41.767365 |
|      2704 |  126.74147 |   1.199544 |
|      2476 |  126.89119 |  -3.863684 |
|      1540 | 126.911186 | -24.889343 |
|      2240 | 127.055168 |  -8.950059 |
|      1194 | 127.127129 |  -33.44796 |
|      2010 | 127.206253 | -14.112466 |
|      1778 | 127.233131 | -19.413874 |
|       792 | 127.566704 | -44.610321 |
|       478 | 127.696823 | -55.221443 |
|      1415 | 128.098175 | -27.883564 |
|      1084 | 128.193695 | -36.402588 |
|      2580 | 128.370163 |  -1.464136 |
|      2350 | 128.525208 |  -6.538136 |
|      1647 | 128.648727 | -22.338078 |
|       704 | 128.659271 | -47.424461 |
|      2118 | 128.682877 | -11.673557 |
|      1892 | 128.777588 | -16.924944 |
|      1295 | 129.239517 | -30.864204 |
|       412 | 129.245926 | -57.958061 |
|       981 | 129.273438 | -39.313671 |
|      2688 | 129.854233 |     0.9314 |
|       615 | 129.903915 | -50.212246 |
|      1520 | 129.966888 | -25.294655 |
|      2462 | 129.999023 |  -4.126729 |
|      2228 | 130.152054 |  -9.234647 |
|      1762 |  130.27359 | -19.793457 |
|      2003 | 130.279434 | -14.441516 |
|       876 |  130.40657 | -42.184589 |
|      1180 | 130.439743 | -33.824734 |
|       351 | 131.114395 | -60.660992 |
|      1399 | 131.224701 |  -28.25421 |
|       533 | 131.349823 | -52.971783 |
|      2576 | 131.481033 |  -1.720993 |
|      2340 | 131.623184 |  -6.798889 |
|       786 | 131.634995 |  -45.01907 |
|      1072 | 131.656937 | -36.750832 |
|      1639 | 131.690338 | -22.701847 |
|      2112 | 131.759949 | -11.963072 |
|      1877 |   131.8255 | -17.257145 |
|      1273 | 132.473053 | -31.197781 |
|       971 | 132.918304 | -39.639111 |
|      2680 | 132.974457 |   0.674371 |
|       696 | 133.004593 | -47.819229 |
|      1510 | 133.049225 | -25.626741 |
|       466 | 133.053802 | -55.697227 |
|      2454 | 133.103317 |   -4.37035 |
|      2222 | 133.234863 |  -9.490759 |
|      1737 | 133.311752 | -20.113455 |
|      1994 | 133.334671 | -14.729255 |
|      1163 |  133.79155 | -34.120152 |
|       865 |  134.26355 | -42.489864 |
|      1384 | 134.384842 | -28.547394 |
|       605 | 134.566299 | -50.583408 |
|      2558 | 134.597183 |  -1.953213 |
|      2328 |   134.7155 |  -7.027614 |
|      1615 | 134.747177 | -22.994057 |
|      2098 | 134.824081 | -12.210361 |
|      1859 | 134.866135 | -17.532394 |
|       394 | 135.081497 | -58.380329 |
|      1048 | 135.155411 | -37.011814 |
|       760 | 135.736572 | -45.302799 |
|      1265 | 135.739944 | -31.450914 |
|      2668 | 136.107849 |   0.449543 |
|      1492 |  136.15683 |  -25.88102 |
|      2438 | 136.209824 |  -4.576959 |
|      2214 |  136.31102 |  -9.702295 |
|      1728 | 136.355881 | -20.363379 |
|       529 | 136.377701 | -53.306046 |
|      1972 | 136.382233 | -14.960845 |
|       943 | 136.593475 | -39.869209 |
|      1152 | 137.175323 | -34.332493 |
|       670 | 137.387253 |  -48.07534 |
|       325 | 137.511307 | -61.011009 |
|      1373 | 137.573013 | -28.759903 |
|      2552 | 137.722488 |  -2.141029 |
|      2326 | 137.807693 |  -7.207752 |
|      1609 | 137.820129 | -23.208227 |
|      2089 |  137.88298 | -12.400583 |
|      1835 | 137.907333 | -17.738831 |
|       845 | 138.146652 |  -42.68977 |
|       456 | 138.503555 | -55.978264 |
|      1040 | 138.681519 | -37.185707 |
|      1253 | 139.032959 | -31.621197 |
|      2666 | 139.256363 |   0.279775 |
|       595 | 139.272171 | -50.801247 |
|      1478 | 139.285004 |  -26.05348 |
|      2432 | 139.322083 |  -4.728621 |
|      2204 | 139.385849 |  -9.854187 |
|      1708 | 139.408707 | -20.535322 |
|      1952 | 139.428421 | -15.123507 |
|       756 |  139.86203 | -45.469528 |
|       937 | 140.290894 | -40.006149 |
|      1140 | 140.581665 |  -34.46043 |
|      1355 | 140.781235 | -28.888647 |
|      2774 | 140.812744 |   2.688031 |
|      2542 | 140.857956 |   -2.26473 |
|      2312 | 140.902634 |  -7.323718 |
|      1587 | 140.906372 | -23.339149 |
|      2069 | 140.941193 | -12.520789 |
|      1829 | 140.952194 | -17.866886 |
|       378 | 141.016083 | -58.589233 |
|       515 | 141.453888 | -53.470657 |
|       658 | 141.793076 | -48.201107 |
|       835 | 142.047012 | -42.788605 |
|      1028 | 142.225143 | -37.272621 |
|      1251 | 142.342422 | -31.706739 |
|      2652 | 142.417191 |   0.187357 |
|      1472 | 142.426758 |  -26.14057 |
|      2422 |  142.43988 |  -4.809408 |
|      2178 | 142.461655 |   -9.93377 |
|      1700 | 142.468643 | -20.622986 |
|      1942 | 142.475861 | -15.207618 |
|       318 | 143.999939 | -61.126862 |
|       743 | 143.999939 | -45.524532 |
|       929 | 143.999939 | -40.051697 |
|      1136 |        144 | -34.503117 |
|      1578 |        144 | -23.383266 |
|      1818 |        144 | -17.910431 |
|      2060 |        144 | -12.561985 |
|      2764 |        144 |   2.635033 |
|       445 | 144.000046 |  -56.07114 |
|       578 | 144.000046 | -50.872925 |
|      1348 | 144.000046 | -28.931849 |
|      2306 | 144.000046 |  -7.363825 |
|      2535 | 144.000046 |  -2.308103 |
|      1938 | 145.524124 | -15.207675 |
|      1698 | 145.531342 | -20.623043 |
|      2180 | 145.538269 |  -9.933713 |
|      2420 | 145.560104 |  -4.809408 |
|      1468 | 145.573227 |  -26.14057 |
|      2648 |  145.58284 |   0.187357 |
|      1249 | 145.657562 | -31.706739 |
|      1030 | 145.774841 | -37.272621 |
|       833 | 145.953094 | -42.788658 |
|       662 | 146.206848 | -48.201107 |
|       384 | 146.983963 | -58.589233 |
|      1823 | 147.047791 | -17.866943 |
|      2063 | 147.058838 | -12.520847 |
|      1583 | 147.093628 | -23.339207 |
|      2308 | 147.097397 |  -7.323718 |
|      2546 | 147.142029 |  -2.264673 |
|      2768 | 147.187241 |   2.687974 |
|      1357 |  147.21875 | -28.888647 |
|      1138 |  147.41832 |  -34.46043 |
|       935 |  147.70903 | -40.006207 |
|       750 | 148.137955 | -45.469585 |
|      1948 | 148.571503 | -15.123622 |
|      1710 | 148.591217 | -20.535322 |
|      2198 | 148.614197 |  -9.854244 |
|      2436 | 148.678024 |  -4.728621 |
|      1480 |  148.71492 | -26.053423 |
|       593 | 148.727875 | -50.801247 |
|      2660 | 148.743622 |   0.279718 |
|      1259 | 148.967026 |  -31.62114 |
|      1038 | 149.318527 | -37.185764 |
|       843 |  149.85321 | -42.689823 |
|      1833 | 150.092651 | -17.738831 |
|      2083 | 150.116943 | -12.400583 |
|      1603 | 150.179855 | -23.208286 |
|      2322 | 150.192352 |  -7.207752 |
|      2548 | 150.277496 |  -2.141029 |
|      1381 | 150.427032 | -28.759789 |
|       327 | 150.488739 | -61.011009 |
|       668 | 150.612778 |  -48.07534 |
|      1148 | 150.824722 | -34.332546 |
|       945 | 151.406555 | -39.869156 |
|      1968 | 151.617752 | -14.960845 |
|       525 | 151.622223 | -53.306046 |
|      1732 | 151.644104 | -20.363379 |
|      2208 | 151.688965 |  -9.702353 |
|      2442 | 151.790207 |  -4.576901 |
|      1496 | 151.843155 |  -25.88102 |
|      2676 | 151.892136 |     0.4496 |
|      1263 | 152.259979 | -31.450914 |
|       758 | 152.263367 | -45.302799 |
|      1052 | 152.844574 | -37.011814 |
|       390 | 152.918427 | -58.380329 |
|      1853 |  153.13385 | -17.532452 |
|      2104 | 153.175858 | -12.210304 |
|      1613 | 153.252853 | -22.994057 |
|      2334 | 153.284424 |  -7.027614 |
|      2562 | 153.402863 |  -1.953156 |
|       603 | 153.433746 | -50.583408 |
|      1389 | 153.615082 | -28.547394 |
|       867 | 153.736496 | -42.489864 |
|      1158 | 154.208435 | -34.120209 |
|      1988 | 154.665314 | -14.729313 |
|      1741 | 154.688293 | -20.113398 |
|      2220 | 154.765121 |  -9.490817 |
|      2452 | 154.896683 |   -4.37035 |
|      1512 |  154.95076 | -25.626741 |
|       690 | 154.995392 | -47.819229 |
|      2684 | 155.025528 |   0.674371 |
|       965 | 155.081741 | -39.639111 |
|      1281 | 155.526993 | -31.197781 |
|      1879 | 156.174484 | -17.257145 |
|      2110 | 156.240097 | -11.963072 |
|      1637 | 156.309647 | -22.701847 |
|      1076 | 156.343109 | -36.750774 |
|       780 |  156.36499 | -45.019127 |
|      2342 |  156.37674 |  -6.798889 |
|      2568 | 156.518951 |  -1.721051 |
|       535 | 156.650162 | -52.971783 |
|      1395 | 156.775284 |  -28.25421 |
|       347 |  156.88559 | -60.660992 |
|      1184 | 157.560242 | -33.824677 |
|       878 | 157.593414 | -42.184589 |
|      2004 | 157.720612 | -14.441516 |
|      1760 | 157.726395 | -19.793457 |
|      2230 |  157.84787 |  -9.234647 |
|      2458 | 158.000961 |  -4.126786 |
|      1518 | 158.033112 | -25.294655 |
|       613 |  158.09613 | -50.212246 |
|      2690 | 158.145798 |     0.9314 |
|       977 | 158.726562 | -39.313728 |
|      1301 | 158.760529 | -30.864147 |
|      1888 | 159.222397 | -16.924944 |
|      2124 | 159.317047 | -11.673499 |
|       700 | 159.340714 | -47.424461 |
|      1645 | 159.351257 | -22.338078 |
|      2348 | 159.474777 |  -6.538136 |
|      2582 | 159.629883 |  -1.464079 |
|      1078 |  159.80629 | -36.402645 |
|      1417 |  159.90181 | -27.883564 |
|       484 | 160.303162 | -55.221386 |
|       790 | 160.433395 | -44.610378 |
|      1784 | 160.766861 | -19.413815 |
|      2008 | 160.793732 | -14.112466 |
|      1192 | 160.872849 |  -33.44796 |
|      2238 | 160.944824 |  -8.950059 |
|      1538 | 161.088867 | -24.889343 |
|      2474 | 161.108795 |  -3.863741 |
|      2698 | 161.258575 |   1.199487 |
|       891 | 161.418198 | -41.767365 |
|       553 | 161.598511 | -52.459099 |
|      1311 | 161.955231 | -30.452707 |
|      1898 | 162.290634 |  -16.55023 |
|       987 | 162.336426 | -38.889225 |
|      1663 | 162.384659 | -21.910421 |
|      2128 | 162.416809 | -11.358258 |
|      2364 |  162.58577 |  -6.262085 |
|       633 | 162.694122 | -49.677387 |
|      2588 |  162.74144 |  -1.199544 |
|      1425 | 162.990845 |  -27.43895 |
|      1092 |  163.22937 | -35.966854 |
|       724 | 163.635605 | -46.879463 |
|      1792 | 163.825424 | -18.988165 |
|      2026 | 163.897842 | -13.759352 |
|      2250 | 164.064514 |  -8.654298 |
|      1558 | 164.120834 | -24.415909 |
|      1210 | 164.141129 | -32.992111 |
|      2482 |   164.2258 |  -3.595769 |
|      2710 | 164.370132 |   1.464079 |
|       418 | 164.429611 | -57.316635 |
|       808 | 164.461746 | -44.064865 |
|      1327 |  165.10788 | -29.966324 |
|       905 | 165.208252 |  -41.22821 |
|      1914 | 165.396927 | -16.152023 |
|      1680 | 165.425919 | -21.430054 |
|       490 | 165.524246 | -54.543232 |
|      2142 | 165.549622 | -11.035912 |
|      2376 | 165.714584 |  -5.984258 |
|      2602 | 165.854263 |  -0.931457 |
|      1003 | 165.911041 | -38.359066 |
|      1449 | 166.040939 | -26.923689 |
|       569 | 166.436844 | -51.758312 |
|      1108 | 166.611374 | -35.441681 |
|      1798 | 166.926331 | -18.536732 |
|      2036 | 167.046585 | -13.403889 |
|      1576 | 167.140152 | -23.881338 |
|       647 | 167.207016 | -48.966576 |
|      2264 | 167.211319 |  -8.360543 |
|      2492 |  167.34613 |   -3.31754 |
|      1218 | 167.362228 | -32.459148 |
|      2722 | 167.481125 |   1.720993 |
|       728 | 167.867233 | -46.169857 |
|      1341 | 168.217255 | -29.407574 |
|       822 | 168.444778 | -43.366547 |
|      1690 | 168.505798 | -20.916969 |
|      1926 | 168.561554 | -15.756282 |
|      2156 | 168.720139 |  -10.72153 |
|      2378 | 168.848602 |  -5.690044 |
|       917 | 168.965195 | -40.550571 |
|      2612 | 168.974472 |  -0.674371 |
|      1462 | 169.053024 | -26.341505 |
|      1013 | 169.456284 | -37.709217 |
|       433 | 169.890518 | -56.451927 |
|      1120 | 169.957733 | -34.820019 |
|      1810 | 170.101486 | -18.092175 |
|      1599 |   170.1754 | -23.300648 |
|      2038 | 170.246048 | -13.065099 |
|      2268 | 170.364471 |  -8.045588 |
|      2506 |  170.48175 |  -3.055527 |
|      1228 | 170.535736 | -31.850437 |
|       507 | 170.570114 |  -53.65612 |
|      2730 | 170.597153 |   1.953156 |
|       583 | 171.136017 | -50.859917 |
|      1367 | 171.285156 | -28.778639 |
|       682 | 171.613007 | -48.066631 |
|      1724 | 171.675629 | -20.411678 |
|      1934 |   171.7948 | -15.390047 |
|      2160 | 171.897537 | -10.381823 |
|      2390 | 172.005203 |  -5.419894 |
|       768 | 172.020782 | -45.277931 |
|      1502 | 172.035797 | -25.698303 |
|      2624 | 172.107864 |  -0.449543 |
|       859 | 172.375214 | -42.492786 |
|       959 | 172.690796 | -39.706947 |
|      1060 | 172.984146 | -36.910114 |
|      1170 | 173.284546 | -34.079128 |
|      1627 |  173.30043 | -22.717146 |
|      1847 | 173.373138 | -17.696432 |
|      2056 | 173.452255 | -12.697547 |
|      2280 | 173.547821 |  -7.766672 |
|      2510 | 173.637604 |  -2.836485 |
|      1283 | 173.666428 | -31.161915 |
|      2738 | 173.722519 |   2.140971 |
|      1403 | 174.323502 | -28.079058 |
|       402 | 174.712189 | -58.173149 |
|      1748 |  174.98967 | -19.986029 |
|      1966 | 175.034027 | -14.992759 |
|      1536 | 175.038147 | -25.018776 |
|       470 | 175.092178 | -55.362965 |
|      2174 | 175.113373 | -10.097006 |
|      2398 | 175.188553 |  -5.208587 |
|      2636 | 175.256332 |  -0.279718 |
|       543 |  175.40564 | -52.555412 |
|       623 | 175.666916 | -49.754566 |
|       708 | 175.887329 |  -46.96323 |
|       798 | 176.075424 | -44.182896 |
|       897 | 176.237747 |  -41.41362 |
|       993 | 176.379608 |  -38.65414 |
|      1100 |  176.50618 | -35.901306 |
|      1200 | 176.626389 | -33.146584 |
|      1871 | 176.649139 | -17.269064 |
|      1657 | 176.658752 | -22.267317 |
|      2075 |  176.70694 | -12.415537 |
|      2290 | 176.763489 |  -7.570205 |
|      1319 |  176.78212 | -30.352898 |
|      2524 | 176.812775 |  -2.688031 |
|      2750 | 176.857971 |   2.264673 |
|      1437 | 177.397766 |  -27.29273 |
|      1768 | 178.304123 | -19.534595 |
|      1984 | 178.334198 |  -14.73361 |
|      2188 | 178.366119 |  -9.930447 |
|      2408 | 178.393326 |  -5.090329 |
|      2638 |  178.41716 |  -0.187414 |
|      1548 | 178.428574 | -24.589401 |
|       427 | 180.000015 | -56.872421 |
|       499 | 180.000015 | -54.054386 |
|       576 | 180.000015 |  -51.24271 |
|       654 | 180.000015 | -48.440601 |
|       741 | 180.000015 | -45.649899 |
|       831 | 180.000015 | -42.871223 |
|       926 | 180.000015 | -40.103664 |
|      1024 | 180.000015 | -37.345448 |
|      1127 | 180.000015 | -34.591869 |
|      1237 | 180.000015 | -31.829983 |
|      1342 | 180.000015 | -28.996477 |
|      1452 | 180.000015 | -26.565075 |
|      1674 | 180.000015 | -21.837942 |
|      1884 | 180.000015 | -17.080559 |
|      2092 | 180.000015 | -12.307019 |
|      2297 | 180.000015 |  -7.498184 |
|      2531 | 180.000015 |  -2.635033 |
|      2757 | 180.000015 |   2.308046 |
|      1547 | 181.571411 | -24.589401 |
|      2637 | 181.582809 |  -0.187414 |
|      2407 | 181.606644 |  -5.090329 |
|      2187 | 181.633926 |  -9.930447 |
|      1983 | 181.665833 |  -14.73361 |
|      1767 | 181.695923 | -19.534595 |
|      1436 |  182.60228 |  -27.29273 |
|      2749 | 183.142014 |   2.264673 |
|      2523 |  183.18721 |  -2.688031 |
|      1318 | 183.217865 | -30.352898 |
|      2289 | 183.236542 |  -7.570205 |
|      2074 | 183.293091 | -12.415537 |
|      1656 | 183.341217 | -22.267317 |
|      1870 | 183.350845 | -17.269064 |
|      1199 | 183.373657 | -33.146584 |
|      1099 | 183.493866 | -35.901306 |
|       992 | 183.620361 |  -38.65414 |
|       896 | 183.762238 |  -41.41362 |
|       797 | 183.924545 | -44.182896 |
|       707 | 184.112656 |  -46.96323 |
|       622 | 184.333008 | -49.754566 |
|       542 | 184.594391 | -52.555412 |
|      2635 | 184.743652 |  -0.279718 |
|      2397 | 184.811493 |  -5.208587 |
|      2173 | 184.886612 | -10.097006 |
|       469 | 184.907806 | -55.362965 |
|      1535 | 184.961899 | -25.018776 |
|      1965 | 184.965958 | -14.992759 |
|      1747 | 185.010361 | -19.986029 |
|       401 | 185.287796 | -58.173149 |
|      1402 | 185.676544 | -28.079058 |
|      2737 | 186.277466 |   2.140971 |
|      1282 | 186.333557 | -31.161915 |
|      2509 | 186.362366 |  -2.836485 |
|      2279 | 186.452148 |  -7.766672 |
|      2055 | 186.547729 | -12.697547 |
|      1846 | 186.626846 | -17.696432 |
|      1626 | 186.699554 | -22.717146 |
|      1169 | 186.715424 | -34.079128 |
|      1059 | 187.015884 | -36.910114 |
|       958 | 187.309189 | -39.706947 |
|       858 | 187.624771 | -42.492786 |
|      2623 | 187.892105 |  -0.449543 |
|      1501 | 187.964188 | -25.698303 |
|       767 | 187.979202 | -45.277931 |
|      2389 | 187.994781 |  -5.419894 |
|      2159 | 188.102448 | -10.381823 |
|      1933 |  188.20517 | -15.390047 |
|      1723 | 188.324402 | -20.411678 |
|       681 | 188.386978 | -48.066631 |
|      1366 | 188.714828 | -28.778639 |
|       582 | 188.863968 | -50.859917 |
|      2729 | 189.402832 |   1.953156 |
|       506 | 189.429871 |  -53.65612 |
|      1227 |  189.46431 | -31.850437 |
|      2505 |  189.51828 |  -3.055527 |
|      2267 | 189.635513 |  -8.045588 |
|      2037 | 189.753937 | -13.065099 |
|      1598 | 189.824585 | -23.300648 |
|      1809 | 189.898499 | -18.092175 |
|      1119 | 190.042313 | -34.820019 |
|       432 | 190.109467 | -56.451927 |
|      1012 | 190.543762 | -37.709217 |
|       375 | 190.934067 | -59.242233 |
|      1461 | 190.946945 | -26.341505 |
|      2611 | 191.025497 |  -0.674371 |
|       916 |  191.03479 | -40.550571 |
|      2377 | 191.151382 |  -5.690044 |
|      2155 | 191.279846 |  -10.72153 |
|      1925 | 191.438492 | -15.756282 |
|      1689 | 191.494247 | -20.916969 |
|       821 | 191.555206 | -43.366547 |
|      1340 | 191.782776 | -29.407574 |
|       727 | 192.132797 | -46.169857 |
|      2721 | 192.518921 |   1.720993 |
|      1217 | 192.637756 | -32.459148 |
|      2491 | 192.653854 |   -3.31754 |
|      2263 | 192.788727 |  -8.360543 |
|       646 | 192.792969 | -48.966576 |
|      1575 | 192.859833 | -23.881338 |
|      2035 | 192.953445 | -13.403889 |
|      1797 | 193.073654 | -18.536732 |
|      1107 | 193.388611 | -35.441681 |
|       568 | 193.563141 | -51.758312 |
|      1448 | 193.959045 | -26.923689 |
|      1002 | 194.088943 | -38.359066 |
|      2601 | 194.145782 |  -0.931457 |
|      2375 |   194.2854 |  -5.984258 |
|      2141 | 194.450363 | -11.035912 |
|       489 | 194.475739 | -54.543232 |
|      1679 | 194.574112 | -21.430054 |
|      1913 | 194.603058 | -16.152023 |
|       904 | 194.791733 |  -41.22821 |
|      1326 | 194.892105 | -29.966324 |
|       807 | 195.538239 | -44.064865 |
|       417 | 195.570374 | -57.316635 |
|      2709 | 195.629852 |   1.464079 |
|      2481 | 195.774231 |  -3.595769 |
|      1209 | 195.858856 | -32.992111 |
|      1557 |  195.87915 | -24.415909 |
|      2249 | 195.935516 |  -8.654298 |
|      2025 | 196.102203 | -13.759352 |
|      1791 | 196.174561 | -18.988165 |
|       723 |  196.36438 | -46.879463 |
|      1091 |  196.77066 | -35.966854 |
|      1424 | 197.009125 |  -27.43895 |
|      2587 | 197.258545 |  -1.199544 |
|       632 | 197.305862 | -49.677387 |
|      2363 | 197.414215 |  -6.262085 |
|      2127 | 197.583176 | -11.358258 |
|      1662 | 197.615326 | -21.910421 |
|       986 | 197.663559 | -38.889225 |
|      1897 | 197.709351 |  -16.55023 |
|      1310 | 198.044754 | -30.452707 |
|       552 | 198.401535 | -52.459099 |
|       890 | 198.581787 | -41.767365 |
|      2697 |  198.74147 |   1.199487 |
|      2473 |  198.89119 |  -3.863741 |
|      1537 | 198.911179 | -24.889343 |
|      2237 | 199.055222 |  -8.950059 |
|      1191 | 199.127182 |  -33.44796 |
|      2007 | 199.206253 | -14.112466 |
|      1783 | 199.233124 | -19.413815 |
|       789 |  199.56665 | -44.610378 |
|       483 | 199.696869 | -55.221386 |
|      1416 | 200.098236 | -27.883564 |
|      1077 | 200.193695 | -36.402645 |
|      2581 | 200.370163 |  -1.464079 |
|      2347 | 200.525208 |  -6.538136 |
|      1644 | 200.648727 | -22.338078 |
|       699 | 200.659332 | -47.424461 |
|      2123 | 200.682938 | -11.673499 |
|      1887 | 200.777649 | -16.924944 |
|      1300 | 201.239502 | -30.864147 |
|       409 | 201.245865 | -57.958061 |
|       976 | 201.273422 | -39.313728 |
|      2689 | 201.854233 |     0.9314 |
|       612 | 201.903915 | -50.212246 |
|      1517 | 201.966934 | -25.294655 |
|      2457 | 201.999084 |  -4.126786 |
|      2229 | 202.152115 |  -9.234647 |
|      1759 | 202.273575 | -19.793457 |
|      1997 | 202.279419 | -14.441573 |
|       877 |  202.40657 | -42.184589 |
|      1183 | 202.439743 | -33.824677 |
|      1394 | 203.224686 |  -28.25421 |
|       534 | 203.349823 | -52.971783 |
|      2567 | 203.481033 |  -1.721051 |
|      2341 | 203.623245 |  -6.798889 |
|       779 |  203.63504 | -45.019127 |
|      1075 | 203.656876 | -36.750774 |
|      1636 | 203.690399 | -22.701847 |
|      2109 | 203.759949 | -11.963072 |
|      1878 |   203.8255 | -17.257145 |
|      1280 | 204.473053 | -31.197781 |
|       964 | 204.918304 | -39.639111 |
|      2683 | 204.974442 |   0.674371 |
|       689 | 205.004593 | -47.819229 |
|      1511 | 205.049271 | -25.626741 |
|       463 | 205.053864 | -55.697227 |
|      2451 | 205.103302 |   -4.37035 |
|      2219 | 205.234863 |  -9.490817 |
|      1740 | 205.311752 | -20.113398 |
|      1987 | 205.334671 | -14.729313 |
|      1157 | 205.791595 | -34.120209 |
|       866 | 206.263489 | -42.489864 |
|      1388 | 206.384903 | -28.547394 |
|       602 | 206.566299 | -50.583408 |
|      2561 | 206.597122 |  -1.953156 |
|      2333 | 206.715546 |  -7.027614 |
|      1612 | 206.747116 | -22.994057 |
|      2103 | 206.824127 | -12.210304 |
|      1852 | 206.866119 | -17.532452 |
|      1051 | 207.155411 | -37.011814 |
|       757 | 207.736618 | -45.302799 |
|      1262 | 207.740005 | -31.450914 |
|      2675 | 208.107834 |     0.4496 |
|      1495 | 208.156891 |  -25.88102 |
|      2441 | 208.209824 |  -4.576901 |
|      2207 | 208.311005 |  -9.702353 |
|      1731 | 208.355865 | -20.363379 |
|       524 | 208.377762 | -53.306046 |
|      1967 | 208.382233 | -14.960845 |
|       944 | 208.593475 | -39.869156 |
|      1147 | 209.175262 | -34.332546 |
|       667 | 209.387253 |  -48.07534 |
|      1380 | 209.573013 | -28.759789 |
|      2547 | 209.722549 |  -2.141029 |
|      2321 | 209.807693 |  -7.207752 |
|      1602 | 209.820129 | -23.208286 |
|      2082 | 209.883041 | -12.400583 |
|      1832 | 209.907333 | -17.738831 |
|       842 | 210.146774 | -42.689823 |
|       451 | 210.503555 | -55.978321 |
|      1037 | 210.681458 | -37.185764 |
|      1258 | 211.032959 |  -31.62114 |
|      2659 | 211.256363 |   0.279718 |
|       592 | 211.272171 | -50.801247 |
|      1479 | 211.285065 | -26.053423 |
|      2435 | 211.322021 |  -4.728621 |
|      2197 | 211.385849 |  -9.854244 |
|      1709 | 211.408768 | -20.535322 |
|      1947 | 211.428467 | -15.123622 |
|       749 |  211.86203 | -45.469585 |
|       934 | 212.290955 | -40.006207 |
|      1137 | 212.581726 |  -34.46043 |
|      1356 | 212.781219 | -28.888647 |
|      2767 | 212.812744 |   2.687974 |
|      2545 | 212.858002 |  -2.264673 |
|      2307 | 212.902634 |  -7.323718 |
|      1582 | 212.906357 | -23.339207 |
|      2062 | 212.941193 | -12.520847 |
|      1822 | 212.952194 | -17.866943 |
|       512 | 213.453873 | -53.470657 |
|       661 | 213.793121 | -48.201107 |
|       832 | 214.046951 | -42.788658 |
|      1029 | 214.225143 | -37.272621 |
|      1248 | 214.342484 | -31.706739 |
|      2647 |  214.41713 |   0.187357 |
|      1467 | 214.426758 |  -26.14057 |
|      2419 |  214.43988 |  -4.809408 |
|      2179 | 214.461716 |  -9.933713 |
|      1697 | 214.468704 | -20.623043 |
|      1937 | 214.475922 | -15.207675 |
|       577 | 215.999985 | -50.872925 |
|      1135 | 215.999985 | -34.503117 |
|      1347 | 215.999985 | -28.931849 |
|      1577 | 215.999985 | -23.383266 |
|      1817 | 215.999985 | -17.910431 |
|      2059 | 215.999985 | -12.561985 |
|      2305 | 215.999985 |  -7.363825 |
|      2534 | 215.999985 |  -2.308103 |
|       742 | 216.000046 | -45.524532 |
|       928 | 216.000046 | -40.051697 |
|      2763 | 216.000046 |   2.635033 |
|      1941 | 217.524109 | -15.207618 |
|      1699 | 217.531342 | -20.622986 |
|      2177 |  217.53833 |   -9.93377 |
|      2421 | 217.560089 |  -4.809408 |
|      1471 | 217.573212 |  -26.14057 |
|      2651 | 217.582779 |   0.187357 |
|      1250 | 217.657608 | -31.706739 |
|      1027 | 217.774902 | -37.272621 |
|       834 | 217.953033 | -42.788605 |
|       657 |  218.20697 | -48.201107 |
|       514 | 218.546097 | -53.470657 |
|      1828 | 219.047775 | -17.866886 |
|      2068 | 219.058838 | -12.520789 |
|      1586 | 219.093613 | -23.339149 |
|      2311 | 219.097336 |  -7.323718 |
|      2541 | 219.142029 |   -2.26473 |
|      2773 |  219.18718 |   2.688031 |
|      1354 | 219.218811 | -28.888647 |
|      1139 |  219.41832 |  -34.46043 |
|       936 | 219.709152 | -40.006149 |
|       755 |    220.138 | -45.469528 |
|      1951 | 220.571564 | -15.123507 |
|      1707 | 220.591278 | -20.535322 |
|      2203 | 220.614197 |  -9.854187 |
|      2431 | 220.677963 |  -4.728621 |
|      1477 | 220.714981 |  -26.05348 |
|       594 | 220.727814 | -50.801247 |
|      2665 | 220.743683 |   0.279775 |
|      1252 |  220.96701 | -31.621197 |
|      1039 | 221.318466 | -37.185707 |
|       844 | 221.853333 |  -42.68977 |
|      1834 | 222.092651 | -17.738831 |
|      2088 | 222.117065 | -12.400583 |
|      1608 | 222.179855 | -23.208227 |
|      2325 | 222.192352 |  -7.207752 |
|      2551 | 222.277481 |  -2.141029 |
|      1372 | 222.426971 | -28.759903 |
|       669 | 222.612732 |  -48.07534 |
|      1151 | 222.824661 | -34.332493 |
|       942 | 223.406555 | -39.869209 |
|      1971 | 223.617752 | -14.960845 |
|      1727 | 223.644165 | -20.363379 |
|      2213 | 223.689026 |  -9.702295 |
|      2437 | 223.790207 |  -4.576959 |
|      1491 | 223.843155 |  -25.88102 |
|      2667 | 223.892136 |   0.449543 |
|      1264 |  224.26004 | -31.450914 |
|       759 | 224.263412 | -45.302799 |
|      1047 | 224.844574 | -37.011814 |
|      1858 |  225.13385 | -17.532394 |
|      2097 | 225.175903 | -12.210361 |
|      1614 | 225.252853 | -22.994057 |
|      2327 | 225.284485 |  -7.027614 |
|      2557 | 225.402863 |  -1.953213 |
|       604 | 225.433685 | -50.583408 |
|      1383 | 225.615143 | -28.547394 |
|       864 | 225.736496 | -42.489864 |
|      1162 | 226.208496 | -34.120152 |
|      1993 | 226.665314 | -14.729255 |
|      1742 | 226.688293 | -20.113398 |
|      2221 | 226.765182 |  -9.490759 |
|      2453 | 226.896667 |   -4.37035 |
|      1509 |  226.95076 | -25.626741 |
|       695 | 226.995453 | -47.819229 |
|      2679 | 227.025528 |   0.674371 |
|       970 | 227.081741 | -39.639111 |
|      1272 | 227.526978 | -31.197781 |
|      1876 | 228.174484 | -17.257145 |
|      2111 | 228.240036 | -11.963072 |
|      1638 | 228.309647 | -22.701847 |
|      1071 | 228.343048 | -36.750832 |
|       785 |  228.36499 |  -45.01907 |
|      2339 | 228.376801 |  -6.798889 |
|      2575 | 228.518951 |  -1.720993 |
|      1398 | 228.775284 |  -28.25421 |
|      1179 | 229.560242 | -33.824734 |
|       875 | 229.593475 | -42.184589 |
|      2002 | 229.720551 | -14.441516 |
|      1761 | 229.726395 | -19.793457 |
|      2227 | 229.847916 |  -9.234647 |
|      2461 | 230.000961 |  -4.126729 |
|      1519 | 230.033157 | -25.294655 |
|      2687 | 230.145737 |     0.9314 |
|       980 | 230.726547 | -39.313671 |
|      1294 | 230.760468 | -30.864204 |
|      1891 | 231.222382 | -16.924944 |
|      2117 | 231.317093 | -11.673557 |
|       703 | 231.340698 | -47.424461 |
|      1646 | 231.351242 | -22.338078 |
|      2349 | 231.474777 |  -6.538136 |
|      2579 | 231.629822 |  -1.464136 |
|      1083 |  231.80629 | -36.402588 |
|      1414 |  231.90181 | -27.883564 |
|       791 | 232.433334 | -44.610321 |
|      1777 | 232.766861 | -19.413874 |
|      2009 | 232.793732 | -14.112466 |
|      1193 | 232.872849 |  -33.44796 |
|      2239 | 232.944809 |  -8.950059 |
|      1539 | 233.088852 | -24.889343 |
|      2475 | 233.108795 |  -3.863684 |
|      2703 | 233.258514 |   1.199544 |
|       886 | 233.418243 | -41.767365 |
|      1302 | 233.955276 | -30.452765 |
|      1901 | 234.290695 |  -16.55023 |
|       988 | 234.336411 | -38.889225 |
|      1666 |  234.38472 | -21.910364 |
|      2131 | 234.416748 | -11.358258 |
|      2357 |  234.58577 |  -6.262142 |
|      2593 | 234.741379 |  -1.199544 |
|      1422 | 234.990845 |  -27.43895 |
|      1089 | 235.229309 | -35.966854 |
|      1789 | 235.825424 | -18.988165 |
|      2021 | 235.897842 |  -13.75941 |
|      2251 | 236.064453 |  -8.654298 |
|      1561 | 236.120895 | -24.415852 |
|      1207 | 236.141174 | -32.992111 |
|      2479 |   236.2258 |  -3.595769 |
|      2707 | 236.370132 |   1.464079 |
|       811 | 236.461853 | -44.064865 |
|      1324 | 237.107925 | -29.966324 |
|       910 | 237.208313 |  -41.22821 |
|      1909 | 237.396988 | -16.152023 |
|      1685 | 237.425919 | -21.430054 |
|      2137 | 237.549683 | -11.035912 |
|      2369 |  237.71463 |  -5.984258 |
|      2599 | 237.854202 |  -0.931457 |
|      1004 | 237.911041 | -38.359009 |
|      1442 | 238.040924 | -26.923744 |
|      1111 |  238.61142 | -35.441681 |
|      1801 | 238.926376 | -18.536732 |
|      2033 | 239.046524 | -13.403889 |
|      1573 | 239.140152 | -23.881338 |
|      2257 | 239.211258 |    -8.3606 |
|      2493 | 239.346191 |   -3.31754 |
|      1221 | 239.362228 | -32.459148 |
|      2719 | 239.481064 |   1.720993 |
|       309 | 240.055344 | -62.021191 |
|      1334 | 240.217194 | -29.407574 |
|      1687 | 240.505798 | -20.917028 |
|      1923 | 240.561539 | -15.756282 |
|      2149 | 240.720139 | -10.721587 |
|      2383 | 240.848602 |  -5.690044 |
|       914 | 240.965134 | -40.550571 |
|      2607 | 240.974472 |  -0.674429 |
|      1457 | 241.053024 | -26.341562 |
|      1014 | 241.456268 | -37.709217 |
|      1121 | 241.957733 | -34.820019 |
|      1807 | 242.101486 | -18.092175 |
|      1596 |   242.1754 | -23.300648 |
|      2039 | 242.245987 | -13.065099 |
|      2269 | 242.364471 |  -8.045588 |
|      2499 |  242.48175 |  -3.055527 |
|      1235 | 242.535721 |  -31.85038 |
|      2727 | 242.597153 |   1.953156 |
|      1362 | 243.285217 | -28.778639 |
|      1717 |  243.67569 | -20.411678 |
|      1929 | 243.794739 | -15.390047 |
|      2157 | 243.897537 | -10.381823 |
|      2393 | 244.005188 |  -5.419894 |
|      1499 | 244.035782 | -25.698303 |
|      2619 | 244.107864 |    -0.4496 |
|      1057 | 244.984146 | -36.910114 |
|      1171 | 245.284546 | -34.079128 |
|      1624 | 245.300415 | -22.717146 |
|      1848 | 245.373123 | -17.696432 |
|      2053 | 245.452255 | -12.697604 |
|      2281 | 245.547821 |  -7.766672 |
|      2511 | 245.637604 |  -2.836485 |
|      1290 | 245.666428 | -31.161798 |
|      2739 | 245.722519 |   2.141029 |
|       334 | 246.247009 | -60.981216 |
|      1408 | 246.323502 |    -28.079 |
|      1749 |  246.98967 | -19.986029 |
|      1957 | 247.034073 | -14.992816 |
|      1529 | 247.038147 | -25.018776 |
|      2167 | 247.113434 | -10.097063 |
|      2399 | 247.188553 |  -5.208587 |
|      2629 | 247.256378 |  -0.279775 |
|      1205 | 248.626389 | -33.146584 |
|      1864 | 248.649185 | -17.269064 |
|      1654 | 248.658813 | -22.267317 |
|      2080 | 248.706879 |  -12.41548 |
|      2291 | 248.763428 |  -7.570205 |
|      1316 |  248.78212 | -30.352898 |
|      2517 | 248.812714 |  -2.688031 |
|      2753 | 248.857971 |    2.26473 |
|      1434 | 249.397812 |  -27.29273 |
|      1775 | 250.304169 | -19.534538 |
|      1981 | 250.334137 |  -14.73361 |
|      2193 | 250.366119 |   -9.93039 |
|      2409 | 250.393387 |  -5.090329 |
|      2639 |  250.41716 |  -0.187414 |
|      1549 | 250.428513 | -24.589401 |
|      1345 | 251.999954 | -28.996477 |
|      1672 | 251.999954 | -21.837942 |
|      2095 | 251.999954 | -12.307019 |
|      2298 | 251.999954 |  -7.498184 |
|       365 | 252.000015 | -59.692635 |
|      1453 | 252.000015 | -26.565075 |
|      1882 | 252.000015 | -17.080559 |
|      2527 | 252.000015 |   -2.63509 |
|      2760 | 252.000015 |   2.308103 |
|       430 | 252.000076 | -56.872364 |
|      1553 | 253.571411 | -24.589401 |
|      2643 | 253.582809 |  -0.187357 |
|      2413 | 253.606583 |  -5.090329 |
|      2191 | 253.633926 |   -9.93039 |
|      1985 | 253.665833 | -14.733552 |
|      1771 | 253.695862 | -19.534538 |
|      1432 |  254.60228 |  -27.29273 |
|      2755 | 255.141998 |    2.26473 |
|      2521 |  255.18721 |  -2.688031 |
|      2295 | 255.236481 |  -7.570148 |
|      2072 | 255.293152 | -12.415537 |
|      1652 | 255.341217 | -22.267317 |
|      1862 | 255.350784 | -17.269064 |
|      2631 | 256.743713 |  -0.279718 |
|      2401 | 256.811493 |  -5.208587 |
|      2169 | 256.886597 | -10.097006 |
|       471 | 256.907806 | -55.362965 |
|      1963 | 256.965942 | -14.992759 |
|      1751 | 257.010345 | -19.986029 |
|       397 | 257.287781 | -58.173206 |
|       340 |  257.75296 | -60.981159 |
|      2743 | 258.277466 |   2.141029 |
|      2513 | 258.362366 |  -2.836428 |
|      2277 | 258.452209 |  -7.766672 |
|      2049 | 258.547729 | -12.697604 |
|      1844 | 258.626892 | -17.696432 |
|      2621 |  259.89212 |    -0.4496 |
|      2387 | 259.994781 |  -5.419952 |
|      2161 | 260.102448 | -10.381766 |
|      1927 |  260.20517 | -15.390047 |
|       586 | 260.864136 | -50.859859 |
|      2733 | 261.402832 |   1.953156 |
|       504 |  261.42981 |  -53.65612 |
|      2501 |  261.51828 |  -3.055527 |
|      2273 | 261.635498 |  -8.045531 |
|      2041 | 261.753998 | -13.065099 |
|      1811 |  261.89856 | -18.092175 |
|       440 | 262.109406 |  -56.45187 |
|       371 | 262.934113 | -59.242233 |
|      2615 | 263.025513 |  -0.674371 |
|      2379 | 263.151428 |  -5.690044 |
|      2147 | 263.279846 | -10.721587 |
|      1919 | 263.438477 | -15.756282 |
|       315 |  263.94458 | -62.021133 |
|      2723 | 264.518921 |   1.721051 |
|      2489 | 264.653778 |   -3.31754 |
|      2259 | 264.788727 |    -8.3606 |
|       642 |  264.79303 | -48.966576 |
|      2027 | 264.953461 | -13.403889 |
|       566 | 265.563141 | -51.758312 |
|      2597 | 266.145721 |  -0.931457 |
|      2367 | 266.285461 |  -5.984258 |
|      2145 | 266.450348 | -11.035855 |
|       493 |   266.4758 | -54.543175 |
|       423 | 267.570435 | -57.316578 |
|      2715 | 267.629852 |   1.464136 |
|      2477 | 267.774231 |  -3.595769 |
|      2253 | 267.935577 |  -8.654298 |
|       722 | 268.364441 | -46.879463 |
|       354 | 268.896545 |  -60.07222 |
|      2591 | 269.258545 |  -1.199544 |
|       638 | 269.305878 | -49.677334 |
|      2359 | 269.414276 |  -6.262142 |
|       560 |  270.40152 | -52.459042 |
|       888 | 270.581787 | -41.767365 |
|      2701 | 270.741455 |   1.199544 |
|      2467 | 270.891174 |  -3.863741 |
|       787 | 271.566711 | -44.610378 |
|       485 | 271.696869 | -55.221386 |
|      2577 | 272.370148 |  -1.464136 |
|       701 | 272.659393 | -47.424461 |
|       407 | 273.245819 | -57.958118 |
|       972 | 273.273438 | -39.313728 |
|      2695 | 273.854279 |   0.931457 |
|       618 | 273.903839 | -50.212189 |
|       873 | 274.406555 | -42.184589 |
|       344 | 275.114441 | -60.660992 |
|       538 | 275.349945 | -52.971725 |
|       781 | 275.635101 | -45.019127 |
|      1067 | 275.656921 | -36.750832 |
|       968 | 276.918243 | -39.639111 |
|       693 | 277.004578 | -47.819229 |
|       459 | 277.053864 | -55.697227 |
|      1160 | 277.791534 | -34.120209 |
|       868 | 278.263489 | -42.489864 |
|       608 | 278.566284 | -50.583408 |
|       387 | 279.081543 | -58.380329 |
|      1053 | 279.155457 | -37.011814 |
|       761 | 279.736572 | -45.302799 |
|      1270 |  279.73999 | -31.450914 |
|      1489 |  280.15683 |  -25.88102 |
|       530 | 280.377808 | -53.305988 |
|       948 | 280.593536 | -39.869156 |
|      1149 | 281.175262 | -34.332493 |
|       675 | 281.387238 | -48.075283 |
|       322 | 281.511353 | -61.011009 |
|      1376 | 281.572998 | -28.759846 |
|      1604 | 281.820129 | -23.208227 |
|       846 | 282.146698 |  -42.68977 |
|       453 | 282.503479 | -55.978321 |
|      1041 | 282.681549 | -37.185707 |
|      1254 |  283.03302 |  -31.62114 |
|       598 | 283.272217 | -50.801247 |
|      1481 | 283.285065 | -26.053423 |
|      1711 | 283.408752 | -20.535322 |
|       753 | 283.861908 | -45.469528 |
|       938 | 284.290894 | -40.006149 |
|      1141 | 284.581787 | -34.460377 |
|      1352 | 284.781158 | -28.888647 |
|      1584 | 284.906372 | -23.339207 |
|      2064 | 284.941132 | -12.520789 |
|      1830 |  284.95224 | -17.866886 |
|       379 | 285.016083 | -58.589233 |
|       516 | 285.453888 | -53.470657 |
|       665 | 285.793121 |  -48.20105 |
|       838 | 286.046875 | -42.788605 |
|      1035 | 286.225189 | -37.272568 |
|      1242 | 286.342468 | -31.706739 |
|      1469 | 286.426819 |  -26.14057 |
|      2185 |   286.4617 |  -9.933713 |
|      1703 | 286.468689 | -20.622986 |
|      1945 | 286.475922 |  -15.20756 |
|       442 |        288 |  -56.07114 |
|       579 |        288 | -50.872925 |
|      1132 |        288 | -34.503117 |
|      1349 |        288 | -28.931789 |
|      2057 |        288 | -12.561985 |
|      2302 |        288 |  -7.363883 |
|       319 | 288.000031 | -61.126862 |
|       745 | 288.000031 | -45.524475 |
|       930 | 288.000031 |  -40.05164 |
|      1579 | 288.000031 | -23.383266 |
|      1820 | 288.000031 | -17.910374 |
|      1943 |  289.52417 |  -15.20756 |
|      1705 | 289.531281 | -20.622986 |
|      2181 |  289.53833 |  -9.933713 |
|      2423 | 289.560089 |  -4.809408 |
|      1475 | 289.573212 | -26.140512 |
|      1244 | 289.657623 | -31.706739 |
|      1033 | 289.774902 | -37.272568 |
|       836 | 289.953094 | -42.788605 |
|       659 | 290.206909 | -48.201107 |
|       518 | 290.546143 |   -53.4706 |
|       381 | 290.983887 | -58.589233 |
|      1826 | 291.047791 | -17.866886 |
|      2070 | 291.058777 | -12.520789 |
|      1588 | 291.093628 | -23.339149 |
|      2313 | 291.097351 |  -7.323718 |
|      2539 | 291.141968 |   -2.26473 |
|      2775 | 291.187286 |   2.688031 |
|      1360 | 291.218811 | -28.888647 |
|      1143 | 291.418243 | -34.460377 |
|       932 | 291.709137 | -40.006207 |
|       747 | 292.138062 | -45.469585 |
|      1955 | 292.571503 | -15.123507 |
|      1713 | 292.591278 | -20.535322 |
|      2205 | 292.614197 |  -9.854187 |
|      2433 | 292.677948 |  -4.728621 |
|      1485 | 292.714966 | -26.053423 |
|       596 | 292.727875 | -50.801247 |
|      2663 | 292.743683 |   0.279775 |
|      1256 |  292.96701 |  -31.62114 |
|      1045 | 293.318512 |  -37.18565 |
|       449 |  293.49649 | -55.978321 |
|       848 | 293.853333 |  -42.68977 |
|      1838 | 294.092651 | -17.738773 |
|      2090 | 294.117004 | -12.400583 |
|      1610 |  294.17984 | -23.208172 |
|      2317 | 294.192291 |  -7.207809 |
|      2553 | 294.277496 |  -2.141029 |
|      1374 | 294.426971 | -28.759846 |
|       328 | 294.488739 | -61.011009 |
|       671 | 294.612793 |  -48.07534 |
|      1153 | 294.824707 | -34.332493 |
|       946 | 295.406494 | -39.869156 |
|      1969 | 295.617798 | -14.960845 |
|       522 | 295.622284 | -53.306046 |
|      1729 | 295.644104 | -20.363379 |
|      2215 | 295.689026 |  -9.702295 |
|      2443 | 295.790161 |  -4.576901 |
|      1487 | 295.843079 |  -25.88102 |
|      2673 | 295.892151 |     0.4496 |
|      1268 |  296.26004 | -31.450914 |
|       765 | 296.263397 | -45.302799 |
|      1049 | 296.844635 | -37.011814 |
|       391 | 296.918427 | -58.380329 |
|      1854 | 297.133972 | -17.532452 |
|      2101 | 297.175842 | -12.210304 |
|      1616 | 297.252808 | -22.994057 |
|      2335 | 297.284485 |  -7.027557 |
|      2565 | 297.402863 |  -1.953156 |
|       606 | 297.433807 | -50.583408 |
|      1385 | 297.615143 | -28.547394 |
|       870 | 297.736481 | -42.489803 |
|      1164 | 298.208435 | -34.120152 |
|      1989 | 298.665375 | -14.729255 |
|      1743 | 298.688293 | -20.113398 |
|      2223 | 298.765167 |  -9.490759 |
|      2455 | 298.896729 |   -4.37035 |
|       461 | 298.946167 | -55.697227 |
|      1515 | 298.950714 | -25.626682 |
|       687 | 298.995453 | -47.819229 |
|      2685 | 299.025482 |   0.674429 |
|       962 | 299.081665 | -39.639111 |
|      1276 | 299.526978 | -31.197781 |
|      1874 | 300.174469 | -17.257145 |
|      2115 | 300.240021 | -11.963015 |
|      1634 |  300.30957 | -22.701906 |
|      1069 |  300.34317 | -36.750832 |
|       777 | 300.365051 | -45.019127 |
|      2343 | 300.376801 |  -6.798889 |
|      2573 | 300.518951 |  -1.720993 |
|       540 | 300.650269 | -52.971668 |
|      1400 | 300.775391 | -28.254152 |
|       342 |  300.88562 | -60.661049 |
|      1177 | 301.560242 | -33.824734 |
|       881 | 301.593475 | -42.184532 |
|      1998 | 301.720612 | -14.441516 |
|      1765 |  301.72644 |   -19.7934 |
|      2235 |  301.84787 |  -9.234647 |
|      2459 | 302.000885 |  -4.126786 |
|      1521 | 302.033142 | -25.294598 |
|       620 | 302.096191 | -50.212189 |
|      2693 | 302.145813 |   0.931457 |
|       974 | 302.726593 | -39.313728 |
|       413 |  302.75415 | -57.958061 |
|      1296 | 302.760529 | -30.864147 |
|      1895 | 303.222382 | -16.924887 |
|      2125 | 303.317108 | -11.673499 |
|       697 | 303.340698 | -47.424461 |
|      1648 | 303.351257 | -22.338078 |
|      2353 | 303.474762 |  -6.538079 |
|      2585 | 303.629883 |  -1.464079 |
|      1081 | 303.806244 | -36.402588 |
|      1418 | 303.901855 | -27.883564 |
|       479 | 304.303162 | -55.221386 |
|       793 | 304.433289 | -44.610321 |
|      1781 | 304.766846 | -19.413815 |
|      2015 | 304.793823 | -14.112409 |
|      1187 | 304.872803 | -33.448017 |
|      2245 | 304.944824 |  -8.950002 |
|      1545 | 305.088806 | -24.889288 |
|      2471 | 305.108856 |  -3.863741 |
|      2699 | 305.258575 |   1.199544 |
|       884 | 305.418182 | -41.767365 |
|       554 | 305.598541 | -52.459099 |
|      1308 | 305.955231 | -30.452707 |
|      1905 | 306.290619 |  -16.55023 |
|       984 | 306.336456 | -38.889225 |
|      1664 | 306.384705 | -21.910364 |
|      2133 | 306.416809 | -11.358201 |
|      2365 | 306.585754 |  -6.262085 |
|       640 | 306.694122 | -49.677334 |
|      2589 | 306.741425 |  -1.199544 |
|      1426 | 306.990845 |  -27.43895 |
|       356 | 307.103424 |  -60.07222 |
|      1093 | 307.229248 | -35.966854 |
|       719 | 307.635529 | -46.879463 |
|      1787 | 307.825409 | -18.988165 |
|      2023 | 307.897888 |  -13.75941 |
|      2247 | 308.064514 |  -8.654298 |
|      1565 | 308.120941 | -24.415794 |
|      1213 | 308.141174 | -32.991997 |
|      2485 |   308.2258 |  -3.595711 |
|      2713 | 308.370117 |   1.464136 |
|       421 | 308.429596 | -57.316635 |
|       815 | 308.461792 | -44.064808 |
|      1330 |  309.10791 | -29.966267 |
|       908 | 309.208374 |  -41.22821 |
|      1911 | 309.396912 | -16.152023 |
|      1677 | 309.425903 | -21.430054 |
|       491 | 309.524353 | -54.543175 |
|      2139 | 309.549683 | -11.035912 |
|      2371 |  309.71463 |  -5.984258 |
|      2605 | 309.854187 |    -0.9314 |
|      1010 | 309.911102 | -38.359009 |
|      1444 | 310.040863 | -26.923744 |
|       562 | 310.436951 | -51.758312 |
|      1115 | 310.611359 | -35.441624 |
|      1799 | 310.926361 | -18.536732 |
|      2029 |  311.04657 | -13.403889 |
|      1569 | 311.140137 | -23.881397 |
|       650 | 311.207001 | -48.966518 |
|      2265 | 311.211304 |  -8.360543 |
|      2495 | 311.346191 |   -3.31754 |
|      1225 | 311.362213 | -32.459091 |
|      2717 | 311.481049 |   1.720993 |
|       735 | 311.867218 |   -46.1698 |
|       313 | 312.055511 | -62.021133 |
|      1338 | 312.217255 | -29.407574 |
|       825 | 312.444824 | -43.366489 |
|      1691 | 312.505798 | -20.916912 |
|      1917 | 312.561493 | -15.756282 |
|      2151 | 312.720093 |  -10.72153 |
|      2380 | 312.848602 |  -5.690044 |
|       912 | 312.965118 | -40.550571 |
|      2613 | 312.974457 |  -0.674371 |
|      1459 | 313.053009 | -26.341562 |
|       373 | 313.065979 | -59.242233 |
|      1016 | 313.456207 | -37.709217 |
|       434 | 313.890564 |  -56.45187 |
|      1125 | 313.957794 | -34.820019 |
|      1815 | 314.101471 | -18.092115 |
|      1592 | 314.175446 | -23.300648 |
|      2043 | 314.246033 | -13.065099 |
|      2275 | 314.364532 |  -8.045473 |
|      2497 | 314.481812 |  -3.055527 |
|      1231 | 314.535736 |  -31.85038 |
|       502 | 314.570099 |  -53.65612 |
|      2735 | 314.597137 |   1.953213 |
|       590 | 315.136017 | -50.859802 |
|      1370 | 315.285217 | -28.778582 |
|       685 | 315.613007 | -48.066574 |
|      1725 | 315.675629 | -20.411678 |
|      1935 | 315.794739 | -15.390047 |
|      2163 | 315.897583 | -10.381766 |
|      2395 | 316.005249 |  -5.419894 |
|       773 | 316.020782 | -45.277874 |
|      1503 | 316.035797 | -25.698246 |
|      2625 | 316.107849 |  -0.449543 |
|       854 | 316.375275 | -42.492844 |
|       952 | 316.690796 | -39.706947 |
|      1065 |   316.9841 |     -36.91 |
|      1175 | 317.284607 | -34.079071 |
|      1630 | 317.300415 | -22.717089 |
|      1850 | 317.373138 | -17.696432 |
|      2051 |  317.45224 | -12.697604 |
|      2285 | 317.547821 |  -7.766615 |
|      2515 | 317.637665 |  -2.836428 |
|      1286 | 317.666351 | -31.161858 |
|      2741 | 317.722504 |   2.141029 |
|       338 | 318.247009 | -60.981159 |
|      1406 | 318.323486 | -28.079058 |
|       405 | 318.712311 | -58.173092 |
|      1755 | 318.989655 | -19.985971 |
|      1959 | 319.034088 | -14.992759 |
|      1533 | 319.038208 | -25.018776 |
|       467 | 319.092224 | -55.362965 |
|      2175 | 319.113373 | -10.096949 |
|      2405 | 319.188599 |   -5.20853 |
|      2627 | 319.256317 |  -0.279775 |
|       550 |  319.40564 | -52.555355 |
|       628 | 319.666901 | -49.754509 |
|       713 |  319.88739 | -46.963173 |
|       799 | 320.075378 | -44.182838 |
|       898 | 320.237793 |  -41.41362 |
|       998 | 320.379669 | -38.654083 |
|      1105 | 320.506165 | -35.901249 |
|      1201 | 320.626312 | -33.146584 |
|      1868 |  320.64917 | -17.269064 |
|      1660 | 320.658875 |  -22.26726 |
|      2078 | 320.706879 |  -12.41548 |
|      2293 | 320.763489 |  -7.570205 |
|      1312 | 320.782043 | -30.352955 |
|      2520 | 320.812805 |  -2.688031 |
|      2751 | 320.857971 |    2.26473 |
|      1440 | 321.397766 | -27.292673 |
|      1769 | 322.304108 | -19.534538 |
|      1977 | 322.334259 |  -14.73361 |
|      2189 | 322.366058 |   -9.93039 |
|      2415 | 322.393372 |  -5.090329 |
|      2641 | 322.417145 |  -0.187357 |
|      1551 | 322.428558 | -24.589401 |
|       428 | 323.999969 | -56.872421 |
|       655 | 323.999969 | -48.440544 |
|       827 | 323.999969 | -42.871223 |
|      1885 | 323.999969 | -17.080502 |
|      2093 | 323.999969 | -12.307019 |
|      2529 | 323.999969 |  -2.635033 |
|       363 |        324 | -59.692635 |
|       500 |        324 | -54.054386 |
|       574 |        324 |  -51.24271 |
|       739 |        324 | -45.649899 |
|       924 |        324 | -40.103664 |
|      1025 |        324 | -37.345448 |
|      1130 |        324 | -34.591812 |
|      1238 |        324 | -31.829926 |
|      1343 |        324 | -28.996477 |
|      1455 |        324 | -26.565016 |
|      1675 |        324 | -21.837885 |
|      2300 |        324 |  -7.498127 |
|      2758 |        324 |   2.308103 |
|      1555 | 325.571411 | -24.589401 |
|      2645 | 325.582855 |  -0.187357 |
|      2411 | 325.606598 |  -5.090329 |
|      2195 | 325.633911 |  -9.930333 |
|      1979 |  325.66571 |  -14.73361 |
|      1773 | 325.695862 | -19.534538 |
|      1438 | 326.602203 |  -27.29273 |
|      2747 | 327.141998 |   2.264673 |
|      2525 | 327.187256 |  -2.687974 |
|      1320 | 327.217926 |  -30.35284 |
|      2287 | 327.236481 |  -7.570205 |
|      2076 | 327.293152 |  -12.41548 |
|      1658 | 327.341278 | -22.267317 |
|      1866 |  327.35083 | -17.269064 |
|      1197 | 327.373657 | -33.146584 |
|      1103 | 327.493805 | -35.901249 |
|      1000 |   327.6203 | -38.654083 |
|       900 | 327.762238 | -41.413563 |
|       803 |  327.92453 | -44.182838 |
|       715 | 328.112579 | -46.963173 |
|       626 | 328.333069 | -49.754509 |
|       548 |  328.59433 | -52.555355 |
|      2633 | 328.743652 |  -0.279718 |
|      2403 | 328.811432 |  -5.208587 |
|      2171 | 328.886658 | -10.097006 |
|       473 | 328.907806 | -55.362907 |
|      1531 | 328.961823 | -25.018776 |
|      1961 | 328.965881 | -14.992759 |
|      1753 | 329.010345 | -19.985971 |
|       403 |  329.28772 | -58.173149 |
|      1410 | 329.676544 |    -28.079 |
|       332 |  329.75296 | -60.981216 |
|      2745 | 330.277466 |   2.141029 |
|      1288 | 330.333557 | -31.161858 |
|      2507 | 330.362366 |  -2.836485 |
|      2283 | 330.452209 |  -7.766615 |
|      2047 | 330.547729 | -12.697604 |
|      1842 | 330.626831 | -17.696432 |
|      1622 | 330.699615 | -22.717146 |
|      1167 | 330.715363 | -34.079128 |
|      1061 | 331.015869 | -36.910057 |
|       960 | 331.309235 | -39.706947 |
|       860 | 331.624756 | -42.492725 |
|      2617 | 331.892151 |    -0.4496 |
|      1497 | 331.964172 | -25.698303 |
|       771 | 331.979248 | -45.277931 |
|      2391 | 331.994781 |  -5.419894 |
|      2165 | 332.102448 | -10.381709 |
|      1931 | 332.205231 | -15.390047 |
|      1721 | 332.324341 | -20.411678 |
|       683 | 332.386902 | -48.066631 |
|      1368 | 332.714813 | -28.778582 |
|       588 | 332.863953 | -50.859859 |
|      2731 | 333.402893 |   1.953156 |
|       510 | 333.429932 | -53.656067 |
|      1229 | 333.464233 |  -31.85038 |
|      2503 |  333.51828 |  -3.055527 |
|      2271 | 333.635498 |  -8.045531 |
|      2045 | 333.753998 | -13.065042 |
|      1600 | 333.824585 | -23.300648 |
|      1813 |  333.89856 | -18.092175 |
|      1123 | 334.042297 | -34.820019 |
|       438 | 334.109467 |  -56.45187 |
|      1018 | 334.543762 | -37.709217 |
|       369 | 334.934113 | -59.242233 |
|      1465 | 334.946991 | -26.341448 |
|      2609 | 335.025543 |  -0.674371 |
|       920 | 335.034882 | -40.550571 |
|      2385 | 335.151367 |  -5.689987 |
|      2153 | 335.279877 |  -10.72153 |
|      1921 | 335.438477 | -15.756282 |
|      1693 | 335.494232 | -20.916912 |
|       817 | 335.555206 | -43.366547 |
|      1336 | 335.782776 | -29.407574 |
|       311 | 335.944641 | -62.021133 |
|       729 | 336.132751 |   -46.1698 |
|      2725 | 336.518982 |   1.721051 |
|      1223 | 336.637756 | -32.459148 |
|      2487 | 336.653778 |   -3.31754 |
|      2261 | 336.788666 |  -8.360543 |
|       648 | 336.792969 | -48.966518 |
|      1571 | 336.859894 | -23.881338 |
|      2031 |   336.9534 | -13.403889 |
|      1803 | 337.073639 | -18.536674 |
|      1113 | 337.388611 | -35.441624 |
|       570 | 337.563171 | -51.758312 |
|      1450 | 337.959106 | -26.923689 |
|      1008 | 338.088928 | -38.359009 |
|      2603 | 338.145782 |    -0.9314 |
|      2373 | 338.285461 |  -5.984258 |
|      2143 | 338.450348 | -11.035855 |
|       495 | 338.475739 | -54.543175 |
|      1681 | 338.574066 | -21.430054 |
|      1915 | 338.603058 | -16.152023 |
|       906 | 338.791656 |  -41.22821 |
|      1328 |  338.89209 | -29.966267 |
|       809 | 339.538177 | -44.064865 |
|       419 | 339.570374 | -57.316635 |
|      2711 | 339.629852 |   1.464079 |
|      2483 | 339.774231 |  -3.595711 |
|      1215 | 339.858856 | -32.991997 |
|      1559 | 339.879089 | -24.415852 |
|      2255 | 339.935577 |  -8.654241 |
|      2017 | 340.102203 |  -13.75941 |
|      1795 | 340.174622 | -18.988165 |
|       717 | 340.364441 | -46.879463 |
|      1087 |  340.77066 | -35.966854 |
|       360 | 340.896606 |  -60.07222 |
|      1428 | 341.009125 |  -27.43895 |
|      2595 | 341.258545 |  -1.199487 |
|       636 | 341.305847 | -49.677334 |
|      2361 | 341.414276 |  -6.262085 |
|      2135 |  341.58316 | -11.358201 |
|      1670 | 341.615326 | -21.910364 |
|       982 | 341.663544 | -38.889282 |
|      1899 | 341.709351 |  -16.55023 |
|      1306 | 342.044739 | -30.452707 |
|       556 | 342.401459 | -52.459099 |
|       882 | 342.581848 | -41.767422 |
|      2705 | 342.741455 |   1.199544 |
|      2469 | 342.891174 |  -3.863741 |
|      1543 | 342.911102 | -24.889288 |
|      2243 | 343.055145 |  -8.950002 |
|      1195 | 343.127167 |  -33.44796 |
|      2013 | 343.206177 | -14.112409 |
|      1785 | 343.233124 | -19.413815 |
|       795 | 343.566681 | -44.610264 |
|       481 |  343.69693 | -55.221386 |
|      1420 | 344.098236 | -27.883507 |
|      1085 | 344.193726 | -36.402588 |
|      2583 | 344.370087 |  -1.464079 |
|      2351 | 344.525208 |  -6.538079 |
|      1650 | 344.648773 |  -22.33802 |
|       705 | 344.659332 | -47.424461 |
|      2121 | 344.682922 | -11.673499 |
|      1893 | 344.777588 | -16.924887 |
|      1298 | 345.239502 | -30.864147 |
|       415 | 345.245819 | -57.958061 |
|       978 | 345.273407 | -39.313728 |
|      2691 | 345.854218 |   0.931457 |
|       616 |   345.9039 | -50.212246 |
|      1523 | 345.966858 | -25.294598 |
|      2463 | 345.999023 |  -4.126729 |
|      2233 |   346.1521 |  -9.234647 |
|      1763 |  346.27359 |   -19.7934 |
|      2005 | 346.279358 | -14.441459 |
|       879 | 346.406494 | -42.184532 |
|      1181 |  346.43985 | -33.824677 |
|       348 |  347.11438 | -60.660992 |
|      1396 |  347.22467 |  -28.25421 |
|       536 | 347.349884 | -52.971725 |
|      2571 | 347.481079 |  -1.720993 |
|      2345 |  347.62323 |  -6.798832 |
|       783 |  347.63504 | -45.019127 |
|      1073 |  347.65686 | -36.750774 |
|      1640 | 347.690399 | -22.701847 |
|      2107 |  347.76001 | -11.963072 |
|      1872 |   347.8255 | -17.257202 |
|      1278 | 348.473053 | -31.197781 |
|       966 | 348.918304 | -39.639111 |
|      2681 | 348.974487 |   0.674371 |
|       691 | 349.004578 | -47.819229 |
|      1513 | 349.049225 | -25.626682 |
|       457 | 349.053925 | -55.697227 |
|      2449 | 349.103302 |   -4.37035 |
|      2225 | 349.234863 |  -9.490759 |
|      1745 | 349.311676 | -20.113398 |
|      1995 | 349.334656 | -14.729255 |
|      1159 | 349.791534 | -34.120209 |
|       862 |  350.26355 | -42.489864 |
|      1382 | 350.384888 | -28.547394 |
|       610 | 350.566284 | -50.583351 |
|      2563 | 350.597168 |  -1.953156 |
|      2329 | 350.715546 |  -7.027614 |
|      1620 | 350.747162 | -22.993999 |
|      2105 | 350.824127 | -12.210304 |
|      1860 | 350.866119 | -17.532394 |
|       395 | 351.081543 | -58.380329 |
|      1055 | 351.155396 | -37.011757 |
|       763 | 351.736542 | -45.302799 |
|      1266 |  351.73999 | -31.450914 |
|      2669 |  352.10788 |   0.449543 |
|      1493 |  352.15683 |  -25.88102 |
|      2439 | 352.209808 |  -4.576959 |
|      2211 | 352.311005 |  -9.702295 |
|      1733 | 352.355927 | -20.363379 |
|       526 | 352.377808 | -53.306046 |
|      1973 | 352.382233 | -14.960787 |
|       950 | 352.593475 | -39.869095 |
|      1155 | 353.175323 | -34.332432 |
|       673 | 353.387238 | -48.075283 |
|       330 | 353.511353 | -61.010952 |
|      1378 | 353.572998 | -28.759789 |
|      2555 | 353.722534 |  -2.140971 |
|      2319 | 353.807678 |  -7.207752 |
|      1606 | 353.820129 | -23.208227 |
|      2084 | 353.882965 | -12.400583 |
|      1840 | 353.907379 | -17.738773 |
|       850 | 354.146698 | -42.689709 |
|       447 |  354.50354 | -55.978321 |
|      1043 | 354.681488 | -37.185707 |
|      1260 | 355.032959 |  -31.62114 |
|      2657 | 355.256348 |   0.279718 |
|       600 | 355.272156 | -50.801189 |
|      1483 | 355.285065 | -26.053423 |
|      2427 | 355.322021 |  -4.728621 |
|      2201 | 355.385834 |  -9.854187 |
|      1715 | 355.408752 | -20.535267 |
|      1949 | 355.428467 | -15.123565 |
|       751 |  355.86203 | -45.469585 |
|       940 | 356.290894 | -40.006149 |
|      1145 | 356.581726 | -34.460377 |
|      1358 | 356.781158 | -28.888647 |
|      2769 | 356.812805 |   2.688031 |
|      2543 | 356.858002 |  -2.264673 |
|      2315 | 356.902618 |  -7.323661 |
|      1590 | 356.906342 | -23.339149 |
|      2066 | 356.941193 | -12.520789 |
|      1824 |  356.95224 | -17.866943 |
|       385 | 357.016083 | -58.589172 |
|       520 | 357.453827 | -53.470539 |
|       663 | 357.793121 |  -48.20105 |
|       840 | 358.046875 | -42.788605 |
|      1031 | 358.225189 | -37.272568 |
|      1246 | 358.342407 | -31.706739 |
|      2655 | 358.417175 |   0.187414 |
|      1473 | 358.426819 |  -26.14057 |
|      2425 |  358.43988 |  -4.809408 |
|      2183 | 358.461639 |  -9.933713 |
|      1701 | 358.468689 | -20.622986 |
|      1939 | 358.475922 | -15.207618 |
